0 0.587375 0.595234 0.030687 0.031094
0 0.634938 0.118750 0.041937 0.121500
0 0.667234 0.109555 0.021812 0.076578
0 0.690336 0.110273 0.024391 0.091547
0 0.713656 0.152750 0.015406 0.026094
0 0.727773 0.161531 0.013703 0.027375
0 0.741430 0.167477 0.014922 0.027578
0 0.758766 0.164578 0.019719 0.048531
0 0.785961 0.181391 0.037561 0.036429
0 0.814313 0.167695 0.017432 0.019817
0 0.812844 0.184531 0.020710 0.017871
0 0.811055 0.202719 0.023567 0.022892
0 0.830039 0.138398 0.014172 0.055109
0 0.831172 0.173492 0.018821 0.018096
0 0.830586 0.191070 0.020019 0.020958
0 0.829258 0.209695 0.018544 0.021033
0 0.850852 0.165977 0.024859 0.035391
0 0.851539 0.206555 0.033714 0.051433
0 0.879898 0.195391 0.031913 0.036479
0 0.877570 0.232641 0.040381 0.046944
0 0.911062 0.229641 0.039185 0.087267
0 0.951406 0.243508 0.037750 0.121203
0 0.985687 0.262680 0.025500 0.098797
0 0.644617 0.253391 0.023516 0.032906
0 0.644539 0.290859 0.022328 0.042312
0 0.645469 0.323664 0.020313 0.021391
0 0.645937 0.341578 0.021000 0.013375
0 0.705680 0.308133 0.079124 0.079124
0 0.686273 0.339844 0.056788 0.040787
0 0.685422 0.358781 0.044131 0.030765
0 0.683867 0.375289 0.049175 0.035530
0 0.684641 0.394320 0.043482 0.031821
0 0.743148 0.324883 0.023797 0.028422
0 0.725078 0.357930 0.038281 0.049953
0 0.720078 0.389828 0.026906 0.023062
0 0.742336 0.368695 0.014547 0.034578
0 0.741984 0.392141 0.012281 0.013844
0 0.794000 0.381969 0.084346 0.159204
0 0.850313 0.374047 0.050635 0.048666
0 0.867984 0.415438 0.072756 0.071821
0 0.871820 0.448352 0.066333 0.057635
0 0.855344 0.485133 0.043211 0.037603
0 0.858453 0.522375 0.047452 0.049653
0 0.910187 0.502766 0.066625 0.153531
0 0.967723 0.459250 0.064555 0.096602
0 0.967744 0.514914 0.064511 0.063524
0 0.967577 0.542391 0.064847 0.066841
0 0.964467 0.574375 0.071066 0.081072
0 0.934500 0.588227 0.105048 0.102305
0 0.981930 0.624625 0.032687 0.028224
0 0.987313 0.645719 0.017188 0.021875
0 0.984969 0.664867 0.012500 0.019547
0 0.954102 0.651414 0.046724 0.051886
0 0.956266 0.673227 0.041285 0.048081
0 0.953633 0.702484 0.041947 0.045954
0 0.750836 0.435148 0.113587 0.107281
0 0.884133 0.649563 0.140913 0.140869
0 0.862953 0.700812 0.083752 0.071616
0 0.861453 0.735758 0.087942 0.088850
0 0.853984 0.762203 0.082147 0.083610
0 0.852609 0.788969 0.079330 0.079899
0 0.760703 0.602500 0.105781 0.119375
0 0.687984 0.471586 0.130755 0.129465
0 0.662305 0.526727 0.068745 0.065004
0 0.661219 0.557625 0.064084 0.069994
0 0.807313 0.517391 0.063031 0.110719
0 0.608688 0.397758 0.044781 0.075859
0 0.589406 0.421391 0.043531 0.073375
0 0.644617 0.253391 0.023516 0.032906
0 0.644539 0.290859 0.022328 0.042312
0 0.645469 0.323664 0.020313 0.021391
0 0.645937 0.341578 0.021000 0.013375
0 0.610609 0.530758 0.036541 0.035578
0 0.598781 0.541086 0.015330 0.017794
0 0.598992 0.551789 0.013980 0.016133
0 0.599531 0.557719 0.011617 0.013221
0 0.599219 0.563508 0.010028 0.011271
0 0.599367 0.569648 0.010334 0.011646
0 0.598750 0.575039 0.010324 0.011634
0 0.598406 0.580648 0.009203 0.010337
0 0.652266 0.579039 0.037241 0.037191
0 0.643852 0.594266 0.018007 0.017632
0 0.644961 0.602617 0.015427 0.014923
0 0.644070 0.607547 0.015437 0.014934
0 0.642586 0.612273 0.014676 0.014216
0 0.640547 0.616687 0.010930 0.010672
0 0.639234 0.621773 0.009398 0.009222
0 0.610867 0.622422 0.028378 0.028147
0 0.607539 0.635406 0.015685 0.016318
0 0.608367 0.643055 0.017018 0.016608
0 0.629180 0.642523 0.029902 0.029884
0 0.622492 0.653680 0.017018 0.016608
0 0.621383 0.658109 0.017007 0.016597
0 0.621195 0.663117 0.015535 0.015175
0 0.670383 0.632539 0.077985 0.078014
0 0.555539 0.557070 0.033297 0.051328
0 0.555281 0.492383 0.045125 0.075203
0 0.409930 0.665125 0.034203 0.179844
0 0.377867 0.515914 0.021766 0.035234
0 0.356539 0.502313 0.032766 0.045500
0 0.518805 0.573141 0.035234 0.038406
0 0.511555 0.527516 0.037297 0.052844
0 0.377867 0.515914 0.021766 0.035234
0 0.356539 0.502313 0.032766 0.045500
0 0.506266 0.411062 0.070533 0.049137
0 0.505500 0.379047 0.051555 0.039184
0 0.474289 0.384977 0.021422 0.043672
0 0.579031 0.330992 0.013687 0.067609
0 0.566141 0.322961 0.015406 0.060641
0 0.552937 0.313539 0.010875 0.062422
0 0.507344 0.307398 0.013438 0.012984
0 0.505469 0.294234 0.010313 0.011844
0 0.502359 0.281266 0.013719 0.014094
0 0.502305 0.254602 0.021922 0.039859
0 0.486617 0.315945 0.011141 0.011547
0 0.484570 0.303141 0.010016 0.011125
0 0.484672 0.290313 0.011906 0.011906
0 0.483437 0.276203 0.014375 0.013344
0 0.482188 0.261781 0.014875 0.013406
0 0.482188 0.246398 0.015875 0.019359
0 0.475273 0.321570 0.010859 0.009922
0 0.471523 0.310164 0.014391 0.012891
0 0.470031 0.296266 0.015375 0.012906
0 0.469789 0.283117 0.013891 0.013391
0 0.468078 0.268961 0.012469 0.013859
0 0.466563 0.252320 0.011563 0.016297
0 0.395945 0.270906 0.037172 0.038063
0 0.346773 0.196633 0.007297 0.021422
0 0.346352 0.173055 0.006422 0.024016
0 0.339914 0.189992 0.003859 0.022734
0 0.339922 0.167047 0.006438 0.020594
0 0.334773 0.186992 0.006422 0.017578
0 0.335195 0.164898 0.005578 0.024016
0 0.329195 0.180133 0.003859 0.017578
0 0.328984 0.157828 0.005156 0.023594
0 0.323836 0.175836 0.005141 0.019297
0 0.322977 0.154609 0.005141 0.023156
0 0.312469 0.168125 0.010719 0.021875
0 0.312469 0.142609 0.010719 0.030875
0 0.368531 0.198984 0.037185 0.031483
0 0.367477 0.171695 0.037620 0.032715
0 0.409008 0.183750 0.054660 0.044818
0 0.405422 0.157078 0.048806 0.034838
0 0.392219 0.134641 0.042543 0.034319
0 0.451344 0.163672 0.036156 0.061406
0 0.474922 0.145281 0.015469 0.075250
0 0.439586 0.119750 0.043641 0.025250
0 0.437289 0.095352 0.041328 0.022391
0 0.437656 0.068961 0.042188 0.028453
0 0.346844 0.905289 0.155702 0.106286
0 0.301266 0.717609 0.139263 0.094225
0 0.292273 0.697250 0.124535 0.080002
0 0.287914 0.672703 0.141753 0.088692
0 0.289242 0.638500 0.123115 0.089195
0 0.268891 0.594734 0.104632 0.072091
0 0.270094 0.526992 0.114684 0.085659
0 0.254172 0.383703 0.108679 0.130582
0 0.237641 0.263703 0.106139 0.122715
0 0.222945 0.135664 0.115125 0.098070
0 0.714789 0.978563 0.040484 0.042875
0 0.669937 0.949906 0.052688 0.089625
0 0.638172 0.871844 0.038750 0.045688
0 0.605250 0.938633 0.057313 0.121422
0 0.549398 0.825836 0.059953 0.173328
0 0.714641 0.898492 0.025531 0.092109
0 0.684453 0.845844 0.034844 0.098312
0 0.656977 0.814117 0.021672 0.092109
0 0.633773 0.780438 0.024734 0.074313
0 0.611641 0.742898 0.023906 0.102953
0 0.585719 0.698000 0.021750 0.106063
0 0.769570 0.858297 0.043816 0.039788
0 0.774867 0.850898 0.047567 0.048416
0 0.794602 0.814016 0.099585 0.099301
0 0.729453 0.803984 0.031950 0.026766
0 0.733531 0.796516 0.034913 0.030798
0 0.737750 0.791016 0.035809 0.035070
0 0.756414 0.759016 0.086608 0.086693
0 0.706469 0.779312 0.023495 0.020487
0 0.706008 0.768719 0.024135 0.020962
0 0.703203 0.753437 0.036416 0.030082
0 0.708180 0.746906 0.030031 0.025341
0 0.710406 0.736367 0.032919 0.027480
0 0.729258 0.708227 0.070217 0.069583
0 0.680867 0.734617 0.027396 0.022838
0 0.678344 0.722164 0.036406 0.030070
0 0.680641 0.712977 0.036406 0.030070
0 0.682937 0.704930 0.036406 0.030070
0 0.682937 0.694906 0.036416 0.030082
0 0.692469 0.675484 0.052996 0.053508
0 0.648391 0.686484 0.036416 0.030082
0 0.650953 0.678281 0.036416 0.030082
0 0.651469 0.668547 0.036416 0.030082
0 0.654703 0.660391 0.036416 0.030082