0 0.823656 0.097102 0.159812 0.194203
0 0.938688 0.126703 0.061969 0.179062
0 0.893234 0.013758 0.042688 0.024797
0 0.955227 0.026844 0.089547 0.050969
0 0.965472 0.289203 0.069056 0.070277
0 0.808516 0.289930 0.173594 0.224516
0 0.900117 0.395297 0.067845 0.218420
0 0.951845 0.408359 0.096309 0.177968
0 0.801602 0.477953 0.178984 0.165281
0 0.673539 0.210031 0.049578 0.092281
0 0.681109 0.320234 0.050969 0.103313
0 0.584820 0.103273 0.053578 0.102391
0 0.587172 0.186602 0.070281 0.078578
0 0.637789 0.163984 0.030953 0.121438
0 0.578867 0.283625 0.055953 0.089281
0 0.625289 0.311008 0.032141 0.101203
0 0.590805 0.375883 0.072547 0.107141
0 0.940078 0.634969 0.031719 0.112937
0 0.929711 0.745156 0.044109 0.090906
0 0.882195 0.638414 0.067516 0.097797
0 0.869836 0.753430 0.081234 0.184578
0 0.676977 0.456594 0.042703 0.067500
0 0.662117 0.571000 0.057681 0.164613
0 0.740344 0.579875 0.092281 0.157031
0 0.714859 0.687312 0.082656 0.143250
0 0.636484 0.967625 0.092281 0.064750
0 0.622570 0.917336 0.079891 0.044078
0 0.628078 0.869125 0.090906 0.052344
0 0.630836 0.820227 0.085391 0.064734
0 0.632219 0.734828 0.088156 0.119844
0 0.615687 0.650805 0.071625 0.059234
0 0.600672 0.587266 0.076469 0.064844
0 0.571633 0.897312 0.016078 0.055687
0 0.571633 0.841914 0.016078 0.056266
0 0.571719 0.744469 0.028125 0.039938
0 0.571078 0.688609 0.031068 0.065844
0 0.566461 0.637539 0.014922 0.036734
0 0.571594 0.788555 0.027562 0.048203
0 0.568148 0.440172 0.034516 0.016656
0 0.566609 0.459742 0.032625 0.016609
0 0.565352 0.483320 0.032734 0.017891
0 0.563602 0.506742 0.031266 0.018484
0 0.564461 0.531281 0.033266 0.020531
0 0.565195 0.555484 0.029828 0.017594
0 0.601992 0.489312 0.029578 0.016438
0 0.598938 0.512820 0.029344 0.018328
0 0.606437 0.542555 0.043594 0.030422
0 0.078574 0.259234 0.157147 0.360074
0 0.297000 0.146727 0.037562 0.075641
0 0.282352 0.198914 0.078641 0.032266
0 0.309750 0.264906 0.024344 0.102094
0 0.266930 0.278258 0.075422 0.113078
0 0.353297 0.289758 0.025969 0.043266
0 0.215984 0.350641 0.132281 0.164719
0 0.334844 0.376023 0.044687 0.038484
0 0.333703 0.410977 0.048687 0.032984
0 0.248359 0.488602 0.067562 0.108359
0 0.319008 0.517219 0.040828 0.138219
0 0.347828 0.460047 0.018844 0.030625
0 0.346258 0.494219 0.015703 0.036125
0 0.347836 0.522484 0.014141 0.028281
0 0.329977 0.618922 0.040891 0.058906
0 0.332750 0.670359 0.030625 0.048688
0 0.335531 0.716688 0.032938 0.050250
0 0.136500 0.551930 0.153625 0.235047
0 0.039492 0.691969 0.068984 0.194219
0 0.147742 0.833561 0.226342 0.332878
0 0.261078 0.710266 0.104031 0.281469
0 0.280023 0.898852 0.052078 0.101328
0 0.326719 0.853211 0.031531 0.077797
0 0.324500 0.943898 0.030969 0.095703