0 0.667570 0.730070 0.032859 0.043359
0 0.637937 0.710422 0.025063 0.029812
0 0.669609 0.686820 0.033688 0.040891
0 0.632336 0.673109 0.039047 0.044031
0 0.646609 0.629492 0.015313 0.030609
0 0.618414 0.621984 0.026516 0.043844
0 0.609922 0.588227 0.026406 0.026016
0 0.585664 0.585695 0.012047 0.018641
0 0.602164 0.566875 0.009328 0.013594
0 0.568133 0.563148 0.013516 0.025984
0 0.565070 0.539742 0.014203 0.016984
0 0.567633 0.522422 0.013266 0.015344
0 0.552984 0.526258 0.010469 0.031391
0 0.533453 0.526258 0.030000 0.064891
0 0.913516 0.921836 0.042031 0.113953
0 0.843938 0.827969 0.022406 0.101813
0 0.819156 0.798352 0.032062 0.097672
0 0.794031 0.754398 0.027906 0.085109
0 0.765078 0.710773 0.066281 0.081578
0 0.730219 0.661609 0.052375 0.092094
0 0.698820 0.627422 0.016109 0.096281
0 0.673234 0.593328 0.035406 0.127156
0 0.646937 0.547594 0.016156 0.062000
0 0.630312 0.567562 0.007812 0.040656
0 0.623281 0.560008 0.006250 0.034922
0 0.630047 0.541766 0.014594 0.006781
0 0.611117 0.544414 0.010766 0.021516
0 0.617234 0.529672 0.011625 0.013000
0 0.593422 0.522320 0.009219 0.022672
0 0.585469 0.500578 0.013125 0.015719
0 0.582680 0.481266 0.008859 0.023625
0 0.574008 0.481250 0.007203 0.054375
0 0.565492 0.476984 0.008516 0.038000
0 0.555008 0.463883 0.012453 0.023578
0 0.555992 0.444234 0.015734 0.019656
0 0.543211 0.451766 0.008516 0.020313
0 0.535031 0.435063 0.010469 0.018344
0 0.955820 0.767016 0.022266 0.049313
0 0.972828 0.695984 0.018781 0.055187
0 0.914453 0.705125 0.077469 0.108750
0 0.941125 0.629648 0.044625 0.042266
0 0.902961 0.632000 0.034047 0.037563
0 0.884773 0.581516 0.023484 0.030531
0 0.849320 0.638570 0.064891 0.097047
0 0.806453 0.620063 0.017563 0.068500
0 0.785492 0.593172 0.020984 0.070219
0 0.756078 0.565086 0.041531 0.061891
0 0.745906 0.508266 0.019281 0.053781
0 0.706664 0.531469 0.015109 0.028375
0 0.706695 0.501375 0.018109 0.029844
0 0.682836 0.504883 0.022859 0.049484
0 0.376531 0.394313 0.046313 0.025031
0 0.339609 0.393687 0.020031 0.030031
0 0.377164 0.416844 0.061328 0.025031
0 0.335859 0.440625 0.037562 0.027531
0 0.464461 0.415578 0.052266 0.010375
0 0.463844 0.425133 0.054000 0.011641
0 0.469664 0.435641 0.056234 0.008719
0 0.473539 0.479258 0.071734 0.080453
0 0.395023 0.459781 0.073672 0.063969
0 0.392117 0.516969 0.077547 0.050406
0 0.324750 0.492734 0.057187 0.083375
0 0.473055 0.531609 0.072703 0.030063
0 0.522047 0.569414 0.079406 0.051391
0 0.461422 0.570391 0.049437 0.047500
0 0.395023 0.583375 0.079484 0.063000
0 0.316508 0.560594 0.069797 0.058156
0 0.401812 0.620695 0.096938 0.021328
0 0.313586 0.608578 0.056234 0.037812
0 0.393086 0.686609 0.034891 0.054281
0 0.352789 0.699547 0.026203 0.041500
0 0.387750 0.674492 0.097906 0.086266
0 0.302430 0.680633 0.063922 0.057203
0 0.291172 0.729414 0.072969 0.056078
0 0.541602 0.679891 0.168172 0.192188
0 0.387672 0.769234 0.111031 0.104313
0 0.282773 0.786633 0.080703 0.056109
0 0.533344 0.824031 0.160656 0.102094
0 0.634195 0.875836 0.050047 0.244734
0 0.534094 0.915625 0.153156 0.069063
0 0.387109 0.918969 0.130094 0.089719
0 0.264836 0.906070 0.098734 0.187297
0 0.539352 0.975078 0.136641 0.049844
0 0.380375 0.981352 0.152531 0.037297
0 0.244266 0.527148 0.010406 0.031078
0 0.234703 0.527391 0.006625 0.050531
0 0.241469 0.584695 0.015937 0.018828
0 0.220148 0.575086 0.013828 0.022172
0 0.219750 0.556430 0.013562 0.016172
0 0.219898 0.540391 0.014141 0.016156
0 0.204336 0.597656 0.006297 0.030250
0 0.191023 0.601039 0.020328 0.044766
0 0.174328 0.625703 0.036562 0.010625
0 0.661180 0.488328 0.017797 0.030844
0 0.699578 0.467133 0.022000 0.026578
0 0.657328 0.451195 0.031563 0.031172
0 0.670469 0.429844 0.032531 0.026875
0 0.634336 0.461469 0.008203 0.018500
0 0.635164 0.443227 0.008453 0.015984
0 0.636000 0.424844 0.007594 0.022375
0 0.590344 0.420258 0.011937 0.049547
0 0.573578 0.402391 0.017531 0.054594
0 0.559281 0.392336 0.012531 0.040297
0 0.541680 0.386352 0.008766 0.009547
0 0.542062 0.376023 0.009031 0.008516
0 0.541922 0.368039 0.010844 0.007672
0 0.860594 0.272336 0.089469 0.059641
0 0.986891 0.545898 0.010625 0.034328
0 0.945656 0.510781 0.077937 0.079563
0 0.953789 0.439242 0.088266 0.077641
0 0.956656 0.365289 0.082531 0.088266
0 0.956656 0.291328 0.085813 0.085812
0 0.956469 0.207961 0.087063 0.087453
0 0.894953 0.472352 0.037594 0.083359
0 0.859508 0.461898 0.036953 0.080734
0 0.822438 0.435742 0.036406 0.070672
0 0.857031 0.366570 0.094344 0.094109
0 0.797414 0.417859 0.014203 0.069219
0 0.764992 0.402852 0.048172 0.060953
0 0.773500 0.346609 0.063625 0.053125
0 0.731523 0.394320 0.011078 0.056703
0 0.734992 0.333820 0.012234 0.062828
0 0.786148 0.274461 0.073453 0.038172
0 0.730703 0.257875 0.031781 0.058625
0 0.707750 0.268766 0.016688 0.026125
0 0.711156 0.384703 0.025344 0.054406
0 0.711570 0.327180 0.026172 0.060641
0 0.689562 0.372656 0.017031 0.060219
0 0.665055 0.367688 0.031047 0.051875
0 0.678219 0.316336 0.037594 0.052297
0 0.631203 0.348586 0.024531 0.049859
0 0.599352 0.340844 0.035141 0.037594
0 0.613781 0.298352 0.064000 0.044141
0 0.560070 0.308273 0.013609 0.045109
0 0.026008 0.220805 0.040234 0.077859
0 0.061047 0.248703 0.024656 0.019469
0 0.098070 0.237016 0.018234 0.024656
0 0.112359 0.223930 0.009688 0.042641
0 0.125445 0.218109 0.018422 0.054281
0 0.150164 0.220531 0.027141 0.049438
0 0.172828 0.204812 0.015656 0.027531
0 0.172203 0.233273 0.015656 0.030641
0 0.220391 0.242992 0.045687 0.011266
0 0.251055 0.246430 0.011891 0.018141
0 0.266391 0.246117 0.016281 0.017516
0 0.023328 0.462734 0.034156 0.093594
0 0.048773 0.441719 0.024328 0.082812
0 0.067453 0.427375 0.017312 0.080062
0 0.111094 0.339617 0.009813 0.039734
0 0.113664 0.373984 0.008422 0.026187
0 0.128633 0.316937 0.017766 0.043031
0 0.127695 0.358563 0.016828 0.039281
0 0.148500 0.312500 0.016375 0.049094
0 0.147102 0.354586 0.018234 0.035078
0 0.165859 0.308586 0.013969 0.039828
0 0.164922 0.345883 0.013281 0.033859
0 0.180414 0.298492 0.013641 0.043484
0 0.180023 0.336789 0.012547 0.032328
0 0.192609 0.330742 0.013562 0.030391
0 0.204766 0.325602 0.010750 0.028516
0 0.220414 0.305031 0.017766 0.059375
0 0.234406 0.302625 0.010563 0.054031
0 0.247094 0.295828 0.014188 0.059156
0 0.261906 0.298445 0.014344 0.037297
0 0.272602 0.296234 0.002859 0.031313
0 0.278234 0.295094 0.004219 0.029281
0 0.120250 0.464898 0.038562 0.129172
0 0.147086 0.453406 0.018234 0.071906
0 0.163555 0.441961 0.013797 0.063922
0 0.182922 0.434383 0.024125 0.062109
0 0.200453 0.414578 0.014406 0.050438
0 0.220102 0.391000 0.014016 0.052156
0 0.231117 0.385469 0.006109 0.041000
0 0.237359 0.383867 0.007563 0.037797
0 0.227336 0.355664 0.026453 0.012797
0 0.246672 0.369477 0.012219 0.040422
0 0.256844 0.356102 0.009313 0.021234
0 0.257867 0.374133 0.009016 0.014828
0 0.265281 0.358281 0.008719 0.041281
0 0.274141 0.352320 0.008438 0.032266
0 0.293875 0.368461 0.010094 0.020859
0 0.306656 0.357523 0.012781 0.019859
0 0.040961 0.514766 0.031266 0.009375
0 0.030102 0.524172 0.024234 0.008594
0 0.030711 0.534188 0.030484 0.012125
0 0.036867 0.545805 0.018172 0.011109
0 0.038891 0.558398 0.018156 0.012172
0 0.037883 0.570508 0.018172 0.012172
0 0.037883 0.583125 0.018172 0.012156
0 0.036773 0.609844 0.018172 0.012156
0 0.038789 0.623977 0.018172 0.012172
0 0.036273 0.635578 0.018172 0.012156
0 0.039305 0.649711 0.018172 0.012172
0 0.040305 0.663844 0.018172 0.012156
0 0.038297 0.678539 0.017094 0.012172
0 0.038031 0.693078 0.018156 0.012156
0 0.008547 0.730461 0.017094 0.012172
0 0.057016 0.709172 0.015313 0.020187
0 0.055281 0.725187 0.020188 0.011844
0 0.052141 0.738414 0.027844 0.016016
0 0.051430 0.756133 0.046609 0.015953
0 0.029648 0.769633 0.043328 0.015953
0 0.028453 0.785383 0.046625 0.015953
0 0.026750 0.801102 0.046625 0.015953
0 0.076406 0.770117 0.011656 0.010484
0 0.088445 0.785234 0.012547 0.020313
0 0.079164 0.796008 0.014047 0.024828
0 0.081047 0.816328 0.015313 0.012281
0 0.060852 0.788289 0.020234 0.026516
0 0.066328 0.808563 0.011687 0.013938
0 0.068109 0.820906 0.011687 0.013938
0 0.069906 0.837094 0.011687 0.013938
0 0.072156 0.851031 0.011688 0.013937
0 0.056961 0.845352 0.019266 0.015047
0 0.058469 0.860695 0.023469 0.018047
0 0.056055 0.874234 0.019859 0.010219
0 0.053953 0.823094 0.020469 0.018656
0 0.039398 0.595742 0.018172 0.012172
0 0.077125 0.608656 0.019531 0.060000
0 0.079211 0.574125 0.013953 0.014656
0 0.104102 0.573781 0.055234 0.065656
0 0.153523 0.560266 0.045484 0.033781
0 0.182344 0.536852 0.019375 0.070703
0 0.194281 0.525367 0.016219 0.038734
0 0.199828 0.489094 0.022188 0.035031
0 0.217727 0.485594 0.017516 0.051375
0 0.217727 0.485594 0.017516 0.051375
0 0.239328 0.462812 0.025687 0.046312
0 0.243219 0.431094 0.014000 0.014781
0 0.257633 0.433492 0.015703 0.037016
0 0.273750 0.414344 0.012187 0.027844
0 0.024633 0.899641 0.048234 0.190563
0 0.072391 0.935195 0.032594 0.037578
0 0.098820 0.882625 0.036203 0.079000
0 0.129914 0.748906 0.006953 0.023313
0 0.145437 0.739000 0.010094 0.025250
0 0.142133 0.716070 0.013609 0.022141
0 0.174109 0.720477 0.034781 0.052828
0 0.160391 0.685578 0.019031 0.026406
0 0.153594 0.656055 0.009313 0.019422
0 0.169352 0.657109 0.019953 0.019688
0 0.178391 0.647891 0.019063 0.013750
0 0.158547 0.638906 0.013125 0.017344
0 0.819961 0.956359 0.023172 0.056187
0 0.762352 0.852437 0.045609 0.061750
0 0.723031 0.815539 0.038625 0.040047
0 0.692773 0.709914 0.014297 0.047078
0 0.684008 0.765969 0.027078 0.054188