0 0.657250 0.713617 0.007344 0.008484
0 0.672500 0.690820 0.007719 0.008516
0 0.671148 0.699719 0.007328 0.008500
0 0.669992 0.709367 0.008109 0.008484
0 0.171297 0.189867 0.005000 0.012359
0 0.165852 0.202969 0.005297 0.016188
0 0.166875 0.218727 0.005000 0.012953
0 0.172766 0.205328 0.004406 0.015594
0 0.172320 0.220492 0.005891 0.013547
0 0.183016 0.191008 0.011051 0.016567
0 0.183188 0.207344 0.010250 0.013406
0 0.183578 0.222125 0.010250 0.014594
0 0.193828 0.193555 0.010250 0.016547
0 0.194422 0.208719 0.011438 0.012219
0 0.195016 0.222719 0.011031 0.014969
0 0.262117 0.127719 0.068722 0.045817
0 0.222492 0.152031 0.014828 0.016875
0 0.239086 0.158320 0.016953 0.014203
0 0.219313 0.169305 0.021187 0.014828
0 0.239094 0.173500 0.019781 0.017594
0 0.219664 0.184133 0.019078 0.016234
0 0.239797 0.190422 0.021188 0.016250
0 0.215648 0.198188 0.023266 0.012312
0 0.239805 0.205703 0.020547 0.015500
0 0.215422 0.211867 0.023719 0.015047
0 0.238219 0.218930 0.020969 0.011859
0 0.215195 0.226906 0.024172 0.012312
0 0.237992 0.232383 0.020516 0.015047
0 0.305398 0.177039 0.011078 0.021109
0 0.309648 0.196805 0.018516 0.019547
0 0.295906 0.211852 0.019531 0.021109
0 0.296438 0.230320 0.018469 0.020047
0 0.295906 0.248531 0.019531 0.018469
0 0.318602 0.217398 0.024797 0.020578
0 0.319664 0.236922 0.023703 0.019531
0 0.320711 0.256445 0.025859 0.020578
0 0.363633 0.159234 0.074925 0.058877
0 0.366766 0.187430 0.063372 0.052386
0 0.356172 0.224828 0.045665 0.037207
0 0.343406 0.259195 0.013125 0.030578
0 0.359023 0.265852 0.013422 0.031078
0 0.379156 0.268680 0.022594 0.029672
0 0.227984 0.253758 0.016719 0.012359
0 0.206773 0.272844 0.022078 0.033563
0 0.228383 0.275047 0.017609 0.025625
0 0.248258 0.286969 0.022141 0.022969
0 0.207680 0.308609 0.023797 0.029156
0 0.237242 0.314352 0.019422 0.031797
0 0.167906 0.322742 0.007937 0.018547
0 0.178945 0.326719 0.012359 0.022969
0 0.191758 0.329805 0.011484 0.018547
0 0.203234 0.333781 0.009719 0.022969
0 0.219141 0.339078 0.013250 0.022969
0 0.231937 0.341906 0.013250 0.022969
0 0.252258 0.345883 0.025609 0.027391
0 0.341414 0.286602 0.020984 0.024172
0 0.318156 0.293906 0.020063 0.012312
0 0.329594 0.318727 0.029250 0.037453
0 0.302203 0.324227 0.020063 0.029172
0 0.286008 0.336078 0.010484 0.033750
0 0.282594 0.363898 0.015500 0.023703
0 0.301969 0.350133 0.020531 0.022797
0 0.299695 0.372789 0.019609 0.023266
0 0.321352 0.349539 0.017328 0.029641
0 0.320437 0.378492 0.019156 0.026453
0 0.342445 0.358109 0.027790 0.028781
0 0.342977 0.387398 0.024266 0.029016
0 0.368039 0.332258 0.019516 0.042203
0 0.367242 0.366297 0.018984 0.026906
0 0.365922 0.392938 0.018469 0.028500
0 0.172828 0.406125 0.019125 0.045531
0 0.196211 0.414188 0.016359 0.024531
0 0.211539 0.388133 0.016359 0.035766
0 0.239766 0.441422 0.031719 0.071250
0 0.288938 0.398742 0.053978 0.028322
0 0.315766 0.420398 0.066156 0.014266
0 0.326313 0.432945 0.074688 0.013109
0 0.308922 0.439508 0.075281 0.023953
0 0.291648 0.484172 0.031672 0.069281
0 0.327281 0.490437 0.031656 0.069937
0 0.359609 0.493406 0.030344 0.083781
0 0.188898 0.502133 0.021234 0.055516
0 0.209547 0.501508 0.022531 0.075672
0 0.236766 0.530727 0.029563 0.089172
0 0.297070 0.570680 0.024828 0.069766
0 0.327813 0.580734 0.036656 0.080406
0 0.352648 0.617984 0.034297 0.065031
0 0.299266 0.665336 0.030094 0.046922
0 0.330984 0.676453 0.026906 0.047500
0 0.360242 0.686797 0.028484 0.058563
0 0.192719 0.584602 0.019813 0.055953
0 0.212555 0.603555 0.019859 0.057766
0 0.243242 0.627031 0.034297 0.068594
0 0.273031 0.636047 0.028875 0.068594
0 0.270445 0.564633 0.032172 0.051172
0 0.668633 0.718055 0.009266 0.008891
0 0.729609 0.735234 0.012716 0.032257
0 0.735031 0.737156 0.012716 0.032257
0 0.741203 0.739469 0.012716 0.032257
0 0.747383 0.742563 0.012701 0.032253
0 0.754328 0.745656 0.012716 0.032257
0 0.037744 0.309086 0.075487 0.095427
0 0.038121 0.354750 0.076242 0.073555
0 0.038707 0.386672 0.077413 0.064214
0 0.033039 0.421344 0.066078 0.067241
0 0.026961 0.868469 0.053922 0.187281
0 0.055670 0.766781 0.111341 0.175764
0 0.069977 0.948924 0.123095 0.102153
0 0.127344 0.902992 0.084319 0.117097
0 0.167703 0.835328 0.103114 0.141180
0 0.263180 0.914148 0.102859 0.171109
0 0.074320 0.610883 0.042271 0.046031
0 0.079102 0.621836 0.042271 0.046031
0 0.083422 0.634242 0.042261 0.046019
0 0.087195 0.647742 0.042271 0.046031
0 0.090445 0.663391 0.042283 0.046041
0 0.093281 0.678805 0.040897 0.044472
0 0.096578 0.691297 0.039214 0.042560
0 0.098695 0.705055 0.038262 0.041484
0 0.100836 0.719719 0.037158 0.040228
0 0.101195 0.733734 0.040051 0.043510
0 0.101773 0.745477 0.037963 0.041606
0 0.103203 0.755852 0.039228 0.042745
0 0.107250 0.768695 0.039925 0.043371
0 0.110617 0.779422 0.041111 0.045008
0 0.127617 0.661805 0.037938 0.041234
0 0.125258 0.679992 0.037949 0.041443
0 0.129562 0.689063 0.035504 0.038773
0 0.130695 0.701727 0.032641 0.035108
0 0.133133 0.717406 0.034955 0.037535
0 0.133969 0.731039 0.031494 0.034423
0 0.138766 0.739836 0.036846 0.039878
0 0.166359 0.703539 0.035801 0.044975
0 0.868031 0.717547 0.015213 0.017955
0 0.877297 0.723633 0.011814 0.014300
0 0.863805 0.729516 0.008297 0.010375
0 0.872805 0.732969 0.008297 0.010375
0 0.786906 0.755242 0.005781 0.008672
0 0.792828 0.756156 0.004750 0.009187
0 0.797422 0.756641 0.004750 0.009187
0 0.802172 0.757906 0.004750 0.009187
0 0.807609 0.760508 0.004750 0.009172
0 0.813047 0.762641 0.004750 0.009187
0 0.785969 0.763328 0.005781 0.008656
0 0.791695 0.765172 0.005766 0.008656
0 0.797016 0.765984 0.005781 0.008656
0 0.802734 0.767414 0.005781 0.008672
0 0.808664 0.769664 0.005766 0.008672
0 0.813984 0.771297 0.005781 0.008656
0 0.785195 0.772680 0.005703 0.008547
0 0.791844 0.774578 0.006344 0.009813
0 0.798500 0.776641 0.006969 0.012031
0 0.806258 0.779172 0.006641 0.011406
0 0.813859 0.782664 0.007281 0.012672
0 0.862008 0.756273 0.019717 0.012013
0 0.859633 0.763586 0.019717 0.012013
0 0.857805 0.772008 0.019717 0.012013
0 0.856531 0.780102 0.017134 0.011081
0 0.855422 0.788305 0.011719 0.006953
0 0.854320 0.795258 0.009516 0.004766
0 0.854875 0.801484 0.006219 0.006219
0 0.896898 0.776570 0.006297 0.020422
0 0.905438 0.779969 0.006250 0.020406
0 0.888992 0.809180 0.008516 0.017578
0 0.898062 0.806063 0.006250 0.009062
0 0.613633 0.767844 0.007266 0.005875
0 0.611648 0.774867 0.011172 0.006828
0 0.691195 0.784906 0.022725 0.033003
0 0.706016 0.799453 0.023036 0.025194
0 0.726906 0.782633 0.016156 0.024516
0 0.787000 0.830477 0.013156 0.016141
0 0.785844 0.847133 0.011875 0.015703
0 0.805922 0.810656 0.024765 0.021622
0 0.803328 0.825180 0.022855 0.017154
0 0.802156 0.838570 0.016781 0.015672
0 0.798719 0.854227 0.015656 0.014516
0 0.859867 0.843961 0.008703 0.016359
0 0.870102 0.844727 0.008703 0.015859
0 0.860891 0.857523 0.008687 0.011766
0 0.577227 0.955406 0.081422 0.089188
0 0.015336 0.176680 0.026266 0.096359
0 0.510828 0.397172 0.026031 0.059906
0 0.551313 0.454156 0.050438 0.132000
0 0.487422 0.453508 0.070757 0.060070
0 0.503641 0.516992 0.038969 0.071453
0 0.500750 0.577617 0.043312 0.048359
0 0.446430 0.567375 0.065984 0.150062
0 0.429656 0.652117 0.037563 0.143578
0 0.729383 0.149789 0.108742 0.179054
0 0.813219 0.019266 0.045781 0.032969
0 0.852594 0.031172 0.032969 0.060437
0 0.885570 0.043516 0.029297 0.087031
0 0.170703 0.174711 0.009125 0.015016
0 0.163641 0.186344 0.009125 0.014719
0 0.157898 0.202234 0.009422 0.014719
0 0.159078 0.216078 0.010000 0.011781
0 0.923117 0.029344 0.034797 0.056781
0 0.928602 0.083367 0.049453 0.058609
0 0.978516 0.095273 0.042969 0.045797
0 0.980328 0.135562 0.039344 0.042125
0 0.817047 0.195406 0.119413 0.181495
0 0.898305 0.238266 0.120651 0.173651
0 0.963688 0.271148 0.072624 0.157822
0 0.991016 0.329516 0.017969 0.101906
0 0.701164 0.383242 0.098735 0.156721
0 0.787984 0.361547 0.055844 0.029469
0 0.779445 0.429805 0.066830 0.110652
0 0.865344 0.377094 0.079978 0.099482
0 0.837625 0.462430 0.070329 0.112237
0 0.877172 0.482547 0.040117 0.106355
0 0.926875 0.498062 0.073846 0.057800
0 0.974022 0.517141 0.051955 0.079272
0 0.660789 0.493586 0.019422 0.071547
0 0.657203 0.536008 0.020437 0.011234
0 0.692102 0.491531 0.014297 0.041812
0 0.682758 0.526945 0.022078 0.022078
0 0.684523 0.547703 0.022078 0.019437
0 0.704867 0.529594 0.018953 0.021969
0 0.766266 0.564297 0.018406 0.014406
0 0.792328 0.534133 0.017062 0.035141
0 0.791313 0.558680 0.018063 0.014984
0 0.785617 0.571344 0.018078 0.011375
0 0.782516 0.583750 0.016031 0.012406
0 0.811273 0.536211 0.019639 0.018243
0 0.809930 0.550039 0.018496 0.014412
0 0.807320 0.561258 0.017833 0.014783
0 0.803406 0.576906 0.020885 0.016855
0 0.799125 0.590687 0.020261 0.015311
0 0.829297 0.545617 0.020672 0.016275
0 0.825570 0.557227 0.019598 0.016860
0 0.821844 0.567969 0.020696 0.016338
0 0.820734 0.582492 0.020880 0.016840
0 0.815891 0.597023 0.021106 0.017569
0 0.838219 0.612281 0.032261 0.020808
0 0.634125 0.594789 0.007170 0.019097
0 0.630992 0.615117 0.013110 0.020435
0 0.642016 0.598008 0.007719 0.019953
0 0.638992 0.617852 0.011565 0.019384
0 0.651352 0.605086 0.010100 0.020617
0 0.647820 0.622625 0.009213 0.017136
0 0.658594 0.613461 0.006750 0.013516
0 0.656250 0.628352 0.007841 0.018136
0 0.662586 0.630727 0.007470 0.017777
0 0.668945 0.632781 0.007341 0.017544
0 0.676820 0.635469 0.008203 0.017687
0 0.694695 0.614734 0.010141 0.021969
0 0.691250 0.631977 0.008844 0.008641
0 0.708719 0.650742 0.006250 0.019422
0 0.719602 0.644602 0.005609 0.013578
0 0.718852 0.658500 0.005828 0.012937
0 0.725000 0.645336 0.005594 0.013578
0 0.725000 0.659367 0.005594 0.013578
0 0.731039 0.647930 0.005609 0.013578
0 0.730820 0.662602 0.005609 0.013578
0 0.737727 0.651602 0.005609 0.013578
0 0.737078 0.664969 0.005594 0.013563
0 0.754875 0.635766 0.012005 0.027638
0 0.761562 0.639695 0.012475 0.026062
0 0.769102 0.642289 0.012490 0.026065
0 0.777117 0.646297 0.012487 0.026050
0 0.784133 0.648305 0.012490 0.026065
0 0.791102 0.652930 0.012490 0.026065
0 0.749555 0.664102 0.012490 0.026065
0 0.756711 0.667227 0.012490 0.026065
0 0.764742 0.670797 0.012487 0.026050
0 0.771891 0.673031 0.012472 0.026047
0 0.778148 0.676602 0.012490 0.026065
0 0.784844 0.679727 0.012475 0.026062
0 0.625023 0.664523 0.009846 0.027069
0 0.622984 0.683703 0.005344 0.011344
0 0.621148 0.696219 0.005672 0.010344
0 0.633445 0.670305 0.008724 0.018357
0 0.632078 0.684391 0.008469 0.011719
0 0.630977 0.694703 0.006984 0.008219
0 0.630727 0.702805 0.008984 0.007484
0 0.644562 0.669281 0.006719 0.020188
0 0.642437 0.685859 0.008469 0.011719
0 0.642437 0.696078 0.006969 0.008219
0 0.641437 0.703555 0.008969 0.007484
0 0.656023 0.671633 0.008189 0.017681
0 0.655898 0.685734 0.007484 0.008719
0 0.665930 0.672109 0.006953 0.011188