0 0.670641 0.708125 0.037909 0.038017
0 0.673414 0.702867 0.036254 0.036357
0 0.676414 0.698672 0.036155 0.036257
0 0.678219 0.693000 0.034247 0.034342
0 0.679844 0.687406 0.029725 0.029804
0 0.683312 0.684000 0.029725 0.029804
0 0.705844 0.670656 0.070731 0.071130
0 0.641227 0.692141 0.018310 0.018349
0 0.614000 0.622297 0.022812 0.022730
0 0.640406 0.619945 0.012641 0.012660
0 0.642188 0.613813 0.015938 0.015970
0 0.645117 0.609516 0.016964 0.016999
0 0.644086 0.601609 0.016964 0.016999
0 0.643992 0.594289 0.016975 0.017010
0 0.649062 0.581516 0.029570 0.030443
0 0.578398 0.604016 0.018839 0.018881
0 0.588367 0.593352 0.034331 0.034834
0 0.600141 0.585625 0.018828 0.018869
0 0.600539 0.578859 0.018839 0.018881
0 0.600539 0.572492 0.018850 0.018892
0 0.600938 0.566125 0.018828 0.018869
0 0.610867 0.555094 0.034343 0.034844
0 0.619547 0.543359 0.019402 0.019445
0 0.622617 0.538078 0.018839 0.018881
0 0.623219 0.531109 0.022402 0.022455
0 0.623133 0.524516 0.022413 0.022467
0 0.642328 0.684617 0.022632 0.022689
0 0.643859 0.680211 0.022567 0.022621
0 0.645563 0.673766 0.023901 0.023961
0 0.649031 0.669922 0.024100 0.024160
0 0.651688 0.664547 0.025313 0.025377
0 0.655555 0.660391 0.025324 0.025388
0 0.658508 0.655914 0.025335 0.025399
0 0.671531 0.630070 0.070719 0.071119
0 0.622992 0.667172 0.018839 0.018881
0 0.621594 0.656570 0.019744 0.019788
0 0.623453 0.651062 0.019755 0.019799
0 0.632523 0.640625 0.031480 0.032372
0 0.605961 0.641852 0.018850 0.018892
0 0.606414 0.634484 0.018839 0.018881
0 0.610102 0.631266 0.018839 0.018881
0 0.226484 0.139680 0.101075 0.088853
0 0.238078 0.270539 0.115368 0.129461
0 0.258594 0.386875 0.116463 0.143965
0 0.280195 0.634609 0.132213 0.081120
0 0.283758 0.649844 0.125786 0.075832
0 0.288828 0.657734 0.122965 0.061567
0 0.294219 0.687156 0.147567 0.086589
0 0.267289 0.818469 0.056502 0.047673
0 0.549422 0.426469 0.029094 0.049469
0 0.562148 0.404078 0.012984 0.052781
0 0.541367 0.340836 0.015422 0.017859
0 0.552008 0.325328 0.012172 0.054406
0 0.567430 0.332633 0.015422 0.057641
0 0.580422 0.338320 0.010563 0.056016
0 0.555695 0.259609 0.014734 0.018281
0 0.473625 0.031648 0.015719 0.008891
0 0.468906 0.037687 0.015719 0.007344
0 0.481484 0.037953 0.007344 0.011000
0 0.472609 0.049156 0.017906 0.011062
0 0.472578 0.059445 0.018875 0.012047
0 0.485273 0.053266 0.006953 0.022813
0 0.498211 0.037008 0.013141 0.018578
0 0.503648 0.056711 0.012234 0.019922
0 0.521547 0.058297 0.018125 0.024000
0 0.539438 0.059883 0.019469 0.028078
0 0.559594 0.065992 0.023562 0.020391
0 0.469117 0.088156 0.015266 0.032094
0 0.479492 0.087961 0.004703 0.029359
0 0.486734 0.099312 0.009000 0.043469
0 0.495328 0.107250 0.006281 0.030406
0 0.502664 0.110922 0.007328 0.025156
0 0.527023 0.119578 0.011734 0.028156
0 0.538961 0.120930 0.012922 0.030141
0 0.548750 0.123273 0.006656 0.024672
0 0.558164 0.124219 0.013828 0.037500
0 0.571570 0.133156 0.011359 0.034094
0 0.417812 0.680859 0.049513 0.072144
0 0.385453 0.577766 0.034563 0.029625
0 0.417859 0.611758 0.043656 0.113891
0 0.519375 0.581844 0.045625 0.120562
0 0.559273 0.561937 0.049359 0.056000
0 0.546453 0.489805 0.057906 0.088266
0 0.442539 0.501188 0.039859 0.040813
0 0.468672 0.459937 0.037656 0.028625
0 0.397000 0.409094 0.028500 0.025688
0 0.321352 0.393023 0.035578 0.063141
0 0.505984 0.306281 0.012875 0.013469
0 0.487859 0.316883 0.012875 0.013484
0 0.483422 0.301492 0.012875 0.013484
0 0.482047 0.287133 0.012875 0.013484
0 0.475898 0.322008 0.012859 0.013484
0 0.471367 0.308352 0.012859 0.013484
0 0.468305 0.295492 0.012859 0.013484
0 0.468914 0.282008 0.012859 0.013484
0 0.468305 0.269758 0.012859 0.013484
0 0.468469 0.254445 0.010688 0.013484
0 0.868172 0.413859 0.077975 0.073101
0 0.864133 0.444297 0.077987 0.073111
0 0.805477 0.515945 0.063141 0.105641
0 0.761094 0.601875 0.109063 0.124062
0 0.926945 0.448437 0.054516 0.061781
0 0.897602 0.508633 0.135429 0.131677
0 0.880031 0.561836 0.089984 0.078389
0 0.874344 0.589703 0.087961 0.077405
0 0.872273 0.621766 0.090565 0.079476
0 0.867656 0.652133 0.092129 0.081030
0 0.861281 0.679125 0.084352 0.073681
0 0.861328 0.707656 0.085251 0.074494
0 0.856461 0.735289 0.087804 0.077078
0 0.852750 0.763422 0.081370 0.071174
0 0.855656 0.793812 0.068063 0.057238
0 0.973828 0.447367 0.052344 0.072141
0 0.964807 0.509523 0.070386 0.068886
0 0.973208 0.546531 0.053584 0.054869
0 0.969455 0.580922 0.061089 0.074167
0 0.968510 0.618141 0.062980 0.074167
0 0.968460 0.649328 0.063080 0.070121
0 0.593758 0.411328 0.041578 0.095156
0 0.658109 0.418672 0.087156 0.144844
0 0.718437 0.302734 0.073750 0.156844
0 0.747266 0.457570 0.101875 0.101891
0 0.693648 0.524578 0.104578 0.107281
0 0.635648 0.114992 0.040734 0.121859
0 0.951828 0.985383 0.029531 0.029234
0 0.608695 0.952422 0.100828 0.095156
0 0.795078 0.379539 0.082969 0.156672
0 0.475961 0.144891 0.025332 0.085175
0 0.433312 0.071953 0.043115 0.037996
0 0.438055 0.099859 0.051239 0.040651
0 0.439516 0.122469 0.052435 0.028219
0 0.451883 0.163367 0.046020 0.069666
0 0.424781 0.166578 0.017156 0.055750
0 0.389531 0.105508 0.036781 0.012266
0 0.392336 0.167062 0.046672 0.111625
0 0.343727 0.091977 0.036391 0.030078
0 0.355117 0.120719 0.025703 0.026062
0 0.313461 0.088813 0.022547 0.015812
0 0.317750 0.110320 0.026000 0.024828
0 0.320781 0.132406 0.041004 0.031829
0 0.287633 0.120359 0.027234 0.040188
0 0.323070 0.164125 0.007359 0.037375
0 0.331625 0.166859 0.007344 0.037375
0 0.339594 0.169586 0.007344 0.029484
0 0.347555 0.170539 0.007359 0.025141
0 0.354906 0.169906 0.007344 0.027625
0 0.347586 0.210695 0.024516 0.050859
0 0.301203 0.169781 0.026500 0.040750
0 0.665180 0.110961 0.022859 0.078484
0 0.690758 0.110742 0.028297 0.085766
0 0.702914 0.155797 0.005453 0.017938
0 0.710250 0.155805 0.007375 0.022422
0 0.718000 0.157438 0.007781 0.026313
0 0.724852 0.160031 0.004453 0.025562
0 0.740609 0.164906 0.017531 0.030031
0 0.760102 0.165977 0.022297 0.045016
0 0.784969 0.182898 0.036129 0.034468
0 0.814570 0.166187 0.014578 0.018875
0 0.813711 0.183562 0.016297 0.018437
0 0.812203 0.203500 0.021875 0.021437
0 0.830648 0.140891 0.015016 0.052312
0 0.830219 0.174336 0.015875 0.016297
0 0.828719 0.189992 0.018000 0.018453
0 0.829789 0.208648 0.016734 0.021453
0 0.850164 0.162336 0.024016 0.037734
0 0.850805 0.191922 0.025297 0.029156
0 0.850156 0.217875 0.024875 0.027875
0 0.879320 0.214008 0.031734 0.084484
0 0.913031 0.227508 0.031062 0.093578
0 0.952320 0.240047 0.036453 0.118219
0 0.986609 0.260922 0.026781 0.104937
0 0.833430 0.269883 0.029859 0.035609
0 0.805578 0.254961 0.023531 0.028703
0 0.763664 0.215914 0.022391 0.048234
0 0.715445 0.204437 0.023547 0.026406
0 0.716648 0.983312 0.028703 0.033375
0 0.684211 0.941937 0.031578 0.084969
0 0.649195 0.891695 0.033859 0.080953
0 0.614461 0.862133 0.022953 0.025266
0 0.792156 0.973836 0.052250 0.052328
0 0.715789 0.901172 0.023547 0.106781
0 0.686945 0.845313 0.036109 0.091875
0 0.656289 0.804789 0.024016 0.088047
0 0.631828 0.786117 0.024906 0.093359
0 0.609156 0.741211 0.024000 0.097828
0 0.586000 0.697195 0.022313 0.100484
0 0.947328 0.950797 0.035832 0.040526
0 0.766789 0.861953 0.049787 0.049937
0 0.770219 0.856813 0.049798 0.049948
0 0.772359 0.850805 0.049809 0.049959
0 0.774078 0.843516 0.049798 0.049948
0 0.775375 0.836688 0.049798 0.049948
0 0.796078 0.809430 0.096351 0.097980
0 0.735187 0.819305 0.035604 0.035704
0 0.734609 0.810578 0.035195 0.035294
0 0.736398 0.804219 0.035802 0.035903
0 0.736180 0.797320 0.035372 0.035471
0 0.737320 0.790672 0.036883 0.036988
0 0.739164 0.784000 0.035976 0.037858
0 0.739914 0.777328 0.034756 0.038935
0 0.760164 0.756867 0.072800 0.072451
0 0.706937 0.783266 0.025018 0.026270
0 0.708406 0.770453 0.026541 0.028013
0 0.707797 0.755281 0.027752 0.029362
0 0.709945 0.743656 0.030994 0.032851
0 0.734883 0.710078 0.083840 0.080055
0 0.664617 0.718422 0.036883 0.036988
0 0.667367 0.713148 0.036894 0.036999