0 0.975938 0.398867 0.048125 0.051922
0 0.931570 0.286875 0.070659 0.032535
0 0.929156 0.299891 0.070644 0.032531
0 0.957656 0.317945 0.012625 0.008422
0 0.956953 0.325883 0.012625 0.008422
0 0.956484 0.334758 0.012625 0.008422
0 0.956016 0.344109 0.012625 0.008406
0 0.956016 0.352992 0.012625 0.008422
0 0.955078 0.362344 0.012625 0.008406
0 0.956016 0.371227 0.012625 0.008422
0 0.916055 0.308570 0.073375 0.032526
0 0.912875 0.322156 0.076926 0.034427
0 0.910219 0.335289 0.077230 0.034533
0 0.907164 0.348906 0.077659 0.034649
0 0.905055 0.362344 0.077659 0.034649
0 0.905789 0.373523 0.076228 0.029907
0 0.865133 0.270250 0.064559 0.038676
0 0.857570 0.282266 0.056696 0.035208
0 0.854414 0.296922 0.052350 0.033291
0 0.851805 0.311844 0.050421 0.031842
0 0.849000 0.324000 0.048560 0.030468
0 0.849672 0.338016 0.049064 0.030829
0 0.793086 0.277438 0.072179 0.043337
0 0.788656 0.286297 0.071500 0.041943
0 0.785211 0.294937 0.070628 0.040200
0 0.784531 0.303352 0.070649 0.040220
0 0.781516 0.310898 0.070649 0.040220
0 0.743156 0.294898 0.012406 0.012391
0 0.731992 0.293992 0.009016 0.017359
0 0.711922 0.279570 0.009469 0.011484
0 0.701336 0.278664 0.010828 0.013297
0 0.952812 0.577805 0.070000 0.062797
0 0.917656 0.552672 0.070125 0.026375
0 0.917914 0.526391 0.070109 0.026375
0 0.917086 0.501312 0.070109 0.026375
0 0.901656 0.465125 0.073375 0.077154
0 0.864891 0.447016 0.020031 0.028156
0 0.852414 0.477414 0.039861 0.039861
0 0.831227 0.414297 0.034547 0.018687
0 0.815242 0.440148 0.028143 0.028027
0 0.812766 0.457320 0.029516 0.029416
0 0.811945 0.476609 0.030753 0.030610
0 0.798492 0.454500 0.012109 0.022438
0 0.752398 0.322539 0.030064 0.015945
0 0.752734 0.337188 0.030327 0.017744
0 0.752070 0.352758 0.030097 0.016689
0 0.752258 0.368258 0.028984 0.017141
0 0.760633 0.402672 0.007328 0.051688
0 0.752414 0.402656 0.007328 0.051688
0 0.737734 0.401953 0.022031 0.051688
0 0.730195 0.361703 0.010078 0.016594
0 0.731680 0.344281 0.010234 0.017375
0 0.731461 0.328125 0.009797 0.014375
0 0.732352 0.313625 0.008734 0.013969
0 0.701586 0.321570 0.027109 0.018578
0 0.699086 0.339867 0.027547 0.011203
0 0.698562 0.351367 0.027562 0.011203
0 0.697516 0.361852 0.027563 0.011203
0 0.697164 0.372672 0.027547 0.011219
0 0.696812 0.383500 0.027562 0.011219
0 0.696812 0.390484 0.027562 0.011219
0 0.675508 0.287258 0.023734 0.016953
0 0.676547 0.301219 0.026875 0.010438
0 0.675633 0.311906 0.026859 0.010438
0 0.673547 0.322344 0.026875 0.010437
0 0.676773 0.329047 0.018547 0.009281
0 0.675133 0.337742 0.018547 0.009297
0 0.663500 0.331203 0.007313 0.010438
0 0.663391 0.341562 0.007313 0.010438
0 0.675133 0.347039 0.018547 0.009297
0 0.674328 0.355117 0.018562 0.009297
0 0.674320 0.363852 0.018547 0.009297
0 0.674102 0.373773 0.018547 0.009297
0 0.674906 0.381625 0.015125 0.008312
0 0.643484 0.279516 0.013438 0.015469
0 0.650336 0.302297 0.012859 0.029812
0 0.651992 0.326656 0.008766 0.015000
0 0.654141 0.338539 0.007219 0.009547
0 0.626586 0.286438 0.015047 0.012875
0 0.626766 0.299047 0.015625 0.011719
0 0.629297 0.315945 0.022946 0.025749
0 0.620625 0.329094 0.019281 0.011688
0 0.633289 0.338055 0.025141 0.015578
0 0.604477 0.281594 0.023328 0.014313
0 0.604898 0.295844 0.023328 0.014312
0 0.604430 0.310063 0.023328 0.014312
0 0.604117 0.323406 0.023328 0.012875
0 0.582812 0.267016 0.014750 0.010719
0 0.582430 0.277789 0.014766 0.010734
0 0.583336 0.288453 0.014766 0.010719
0 0.583336 0.296406 0.014766 0.010719
0 0.568539 0.273648 0.015078 0.045547
0 0.554367 0.276617 0.013078 0.032703
0 0.967133 0.824617 0.058328 0.146641
0 0.914539 0.727367 0.059703 0.215422
0 0.896680 0.623914 0.009547 0.021547
0 0.893820 0.640289 0.014734 0.020453
0 0.888711 0.664859 0.018359 0.022219
0 0.878586 0.669648 0.015141 0.021484
0 0.884336 0.692969 0.018359 0.017500
0 0.864633 0.671648 0.014734 0.024828
0 0.871758 0.692398 0.015141 0.016047
0 0.869531 0.712375 0.014688 0.021969
0 0.880977 0.715102 0.010391 0.025203
0 0.879078 0.739961 0.012219 0.025391
0 0.867094 0.732469 0.010906 0.018281
0 0.855617 0.636805 0.048578 0.035453
0 0.844406 0.664500 0.039765 0.035188
0 0.835914 0.686375 0.046439 0.038842
0 0.826406 0.617508 0.073125 0.122203
0 0.781492 0.577469 0.027630 0.088844
0 0.760789 0.576125 0.045181 0.044082
0 0.762570 0.535820 0.020016 0.035703
0 0.737320 0.504586 0.024891 0.049766
0 0.736500 0.552914 0.029750 0.047047
0 0.717938 0.462047 0.016219 0.080063
0 0.682133 0.471031 0.075764 0.104817
0 0.697117 0.421719 0.025422 0.015750
0 0.697930 0.439570 0.019484 0.018891
0 0.673859 0.410070 0.022187 0.032453
0 0.638008 0.372219 0.005328 0.010813
0 0.632711 0.372133 0.005109 0.010828
0 0.626984 0.371875 0.005094 0.010813
0 0.622250 0.369867 0.003875 0.011734
0 0.638320 0.383086 0.005328 0.010828
0 0.632586 0.383609 0.005328 0.010812
0 0.627117 0.383086 0.005328 0.010828
0 0.621602 0.381992 0.003891 0.011734
0 0.638594 0.392352 0.005750 0.007047
0 0.632719 0.393000 0.006000 0.008344
0 0.626461 0.392484 0.005484 0.008344
0 0.621602 0.393477 0.003891 0.011734
0 0.638219 0.402664 0.005344 0.013734
0 0.633258 0.404219 0.005328 0.012813
0 0.626727 0.402547 0.005328 0.010812
0 0.619469 0.408406 0.005094 0.010812
0 0.619172 0.418664 0.005094 0.010828
0 0.607969 0.390656 0.006406 0.013469
0 0.605859 0.403125 0.005562 0.013469
0 0.601570 0.389313 0.006391 0.012125
0 0.600062 0.400406 0.006375 0.010813
0 0.574555 0.368055 0.029891 0.085703
0 0.552977 0.337727 0.013891 0.051609
0 0.537125 0.323086 0.014187 0.041047
0 0.917211 0.963156 0.089109 0.072250
0 0.898359 0.911023 0.028812 0.035672
0 0.904961 0.868711 0.059820 0.048417
0 0.759422 0.644086 0.044750 0.044766
0 0.702008 0.600844 0.023484 0.041969
0 0.687047 0.588852 0.015375 0.046109
0 0.676289 0.570094 0.019672 0.038125
0 0.660422 0.559828 0.019688 0.038125
0 0.641242 0.517414 0.018172 0.065453
0 0.598125 0.457258 0.022063 0.038453
0 0.038539 0.383789 0.026078 0.078922
0 0.035641 0.332383 0.011594 0.022453
0 0.046953 0.332719 0.013562 0.021500
0 0.067281 0.335953 0.026375 0.043156
0 0.066789 0.377344 0.031734 0.040625
0 0.092078 0.327813 0.019219 0.022188
0 0.096656 0.367586 0.028375 0.055578
0 0.125102 0.318227 0.019703 0.057766
0 0.134391 0.278867 0.027063 0.020578
0 0.145477 0.317273 0.019703 0.057766
0 0.169945 0.297094 0.015891 0.045813
0 0.200289 0.306219 0.017766 0.021969
0 0.214312 0.287750 0.022438 0.047687
0 0.260219 0.261086 0.014031 0.037797
0 0.008203 0.657000 0.016406 0.123125
0 0.019484 0.548984 0.020969 0.039844
0 0.026617 0.589258 0.018453 0.038172
0 0.049477 0.588664 0.025578 0.046078
0 0.041055 0.539078 0.029859 0.031312
0 0.042352 0.506164 0.033641 0.036234
0 0.065836 0.540820 0.023203 0.035953
0 0.064969 0.576195 0.023188 0.035953
0 0.099766 0.584258 0.041406 0.047359
0 0.102367 0.545164 0.049609 0.036828
0 0.103383 0.490805 0.024641 0.057109
0 0.082945 0.453398 0.039589 0.038140
0 0.126297 0.515414 0.013656 0.029797
0 0.124547 0.475297 0.017094 0.049281
0 0.124562 0.423070 0.021000 0.048078
0 0.145234 0.398617 0.017813 0.025141
0 0.153852 0.434781 0.032734 0.049688
0 0.148602 0.472359 0.027078 0.023844
0 0.149812 0.488516 0.027875 0.012531
0 0.150219 0.501250 0.026250 0.013750
0 0.162352 0.391633 0.016422 0.032828
0 0.178234 0.425328 0.011875 0.063906
0 0.177367 0.369812 0.012922 0.045750
0 0.197266 0.374523 0.019906 0.053766
0 0.197797 0.412758 0.019562 0.023391
0 0.217758 0.325937 0.018547 0.017781
0 0.215953 0.345734 0.030313 0.016969
0 0.220195 0.377047 0.026672 0.045656
0 0.241203 0.374820 0.012125 0.059797
0 0.254945 0.333609 0.013734 0.062219
0 0.290523 0.297180 0.028672 0.032453
0 0.302156 0.290961 0.023813 0.031922
0 0.018148 0.965820 0.036297 0.065172
0 0.027922 0.867711 0.055844 0.054297
0 0.017828 0.811203 0.032594 0.063031
0 0.042539 0.804773 0.040109 0.085148
0 0.061672 0.790602 0.040124 0.085152
0 0.042086 0.751125 0.021734 0.021000
0 0.091687 0.743891 0.034031 0.049969
0 0.063836 0.725437 0.023172 0.044938
0 0.084805 0.699336 0.023172 0.044922
0 0.121016 0.675820 0.021719 0.049953
0 0.110516 0.638164 0.018094 0.031141
0 0.136219 0.637805 0.014469 0.052141
0 0.144187 0.618977 0.024625 0.044891
0 0.138391 0.580242 0.024625 0.023891
0 0.169563 0.566133 0.014469 0.052141
0 0.150773 0.553445 0.020266 0.019547
0 0.178258 0.535727 0.014484 0.052141
0 0.199977 0.506758 0.014484 0.052141
0 0.223906 0.481031 0.030406 0.058656
0 0.234328 0.460766 0.034031 0.045625
0 0.242664 0.428539 0.018828 0.024609
0 0.256781 0.407180 0.018094 0.045609
0 0.277781 0.395594 0.026781 0.029687
0 0.297695 0.356852 0.028953 0.026078
0 0.125859 0.896719 0.130781 0.206562
0 0.220102 0.973437 0.089641 0.053125
0 0.233930 0.929242 0.079016 0.033797
0 0.360820 0.871836 0.110078 0.254797
0 0.453953 0.916094 0.054656 0.144688
0 0.479352 0.942258 0.056103 0.115484
0 0.443562 0.974164 0.043094 0.051672
0 0.523047 0.961312 0.052741 0.077375
0 0.605586 0.955313 0.131609 0.089375
0 0.828336 0.746711 0.143203 0.187122
0 0.772219 0.746742 0.148002 0.190203
0 0.577867 0.798727 0.162391 0.239328
0 0.255297 0.842250 0.131866 0.184424
0 0.163219 0.773195 0.110187 0.092734
0 0.196359 0.713531 0.077281 0.036062
0 0.208727 0.672828 0.075234 0.047406
0 0.216969 0.637797 0.064906 0.037094
0 0.225727 0.601727 0.057703 0.043266
0 0.243117 0.573609 0.055203 0.030281
0 0.248469 0.546891 0.055219 0.030281
0 0.254695 0.524664 0.055203 0.023078
0 0.266094 0.499156 0.033156 0.026281
0 0.324453 0.469297 0.077656 0.138938
0 0.315250 0.579398 0.071250 0.081047
0 0.282750 0.655094 0.054312 0.086375
0 0.337961 0.664891 0.056109 0.102406
0 0.292984 0.749047 0.048094 0.097969
0 0.442609 0.717414 0.142500 0.294828
0 0.381563 0.602727 0.050063 0.021891
0 0.379711 0.580500 0.050078 0.021906
0 0.381250 0.545148 0.051938 0.055703
0 0.422547 0.557672 0.021906 0.026906
0 0.422234 0.521367 0.027531 0.044422
0 0.382688 0.465234 0.042563 0.090750
0 0.416898 0.479672 0.030328 0.043625
0 0.416898 0.446422 0.034578 0.025000
0 0.410508 0.421711 0.048422 0.024422
0 0.403602 0.385000 0.046266 0.049000
0 0.361219 0.401242 0.041656 0.037859
0 0.322555 0.367984 0.023797 0.017844
0 0.351219 0.366086 0.024875 0.037859
0 0.376906 0.364195 0.022187 0.037328
0 0.367437 0.320391 0.050844 0.049219
0 0.412414 0.334242 0.035047 0.037547
0 0.449023 0.332367 0.041922 0.040047
0 0.488383 0.337531 0.038016 0.041562
0 0.515352 0.290070 0.014734 0.037422
0 0.515500 0.333250 0.015625 0.047750
0 0.502125 0.369336 0.057344 0.025953
0 0.448578 0.387727 0.034625 0.075734
0 0.461938 0.428172 0.039500 0.086906
0 0.549188 0.417742 0.064906 0.034078
0 0.554047 0.448578 0.064906 0.057875
0 0.489094 0.495234 0.060250 0.149969
0 0.577750 0.511359 0.092000 0.069469
0 0.526438 0.590523 0.092000 0.185234
0 0.617805 0.633711 0.080734 0.038797
0 0.638469 0.650000 0.094500 0.043750
0 0.698508 0.643125 0.062016 0.045000
0 0.731742 0.961266 0.086516 0.077469
0 0.808734 0.962727 0.061594 0.074547