0 0.222594 0.974367 0.093438 0.046703
0 0.575305 0.366578 0.027047 0.084375
0 0.498375 0.342797 0.053125 0.034719
0 0.450086 0.331023 0.041047 0.038922
0 0.411609 0.335250 0.033500 0.035313
0 0.366484 0.323023 0.051313 0.048891
0 0.452055 0.356523 0.041953 0.025953
0 0.381242 0.354625 0.029984 0.013813
0 0.353211 0.357609 0.022953 0.017375
0 0.323313 0.365492 0.030375 0.013734
0 0.360445 0.401906 0.041141 0.037406
0 0.505359 0.366141 0.059844 0.010750
0 0.317953 0.385484 0.041656 0.012375
0 0.313352 0.402820 0.055172 0.022172
0 0.454797 0.379805 0.048125 0.018328
0 0.510242 0.378453 0.051922 0.013469
0 0.512641 0.396328 0.056844 0.022187
0 0.540523 0.411742 0.044359 0.009734
0 0.553883 0.444688 0.063672 0.057813
0 0.612125 0.579187 0.079563 0.067031
0 0.458828 0.431313 0.038281 0.085750
0 0.406008 0.383297 0.048672 0.042188
0 0.404305 0.418688 0.046703 0.027625
0 0.413289 0.448977 0.031547 0.023609
0 0.414016 0.467992 0.029125 0.016016
0 0.306750 0.436445 0.063094 0.046109
0 0.436000 0.482398 0.010062 0.021391
0 0.451875 0.485234 0.018531 0.016844
0 0.489211 0.502117 0.058422 0.157328
0 0.420367 0.506297 0.026391 0.061219
0 0.375156 0.516406 0.052781 0.015156
0 0.371227 0.465039 0.056172 0.087578
0 0.298391 0.478516 0.086437 0.042875
0 0.448008 0.616047 0.044359 0.024812
0 0.442750 0.582219 0.042844 0.048875
0 0.392375 0.591242 0.060906 0.065422
0 0.310445 0.575453 0.075891 0.078938
0 0.625570 0.642336 0.098641 0.054453
0 0.522922 0.593469 0.094594 0.180156
0 0.285375 0.646305 0.048312 0.070453
0 0.458492 0.668453 0.059278 0.068537
0 0.402953 0.681039 0.110748 0.136538
0 0.338695 0.714242 0.052391 0.065422
0 0.285375 0.714250 0.048312 0.057375
0 0.454437 0.783453 0.067000 0.127000
0 0.834000 0.751641 0.138976 0.200110
0 0.767320 0.767125 0.183927 0.232934
0 0.808234 0.959930 0.070719 0.080141
0 0.725938 0.957680 0.086875 0.080672
0 0.574008 0.801414 0.160016 0.236891
0 0.607508 0.956797 0.127766 0.086406
0 0.526250 0.967375 0.044656 0.065250
0 0.486555 0.940078 0.034734 0.119844
0 0.447477 0.974195 0.043422 0.051609
0 0.451820 0.911805 0.059547 0.137672
0 0.265031 0.505172 0.047031 0.021063
0 0.257937 0.525664 0.050250 0.019328
0 0.250312 0.546602 0.056250 0.020703
0 0.234328 0.569219 0.065387 0.034902
0 0.221773 0.601969 0.066016 0.035781
0 0.216406 0.637445 0.060562 0.035891
0 0.209109 0.673344 0.072906 0.040375
0 0.197344 0.711477 0.076250 0.031391
0 0.156398 0.765867 0.090859 0.079641
0 0.359344 0.823992 0.077906 0.046922
0 0.361891 0.883875 0.096281 0.074625
0 0.361266 0.873750 0.114531 0.252500
0 0.254609 0.811156 0.153755 0.225198
0 0.213516 0.906687 0.036344 0.020375
0 0.230391 0.935438 0.088250 0.033750
0 0.124625 0.895867 0.115500 0.201109
0 0.581945 0.267539 0.013453 0.009547
0 0.582047 0.276195 0.013438 0.009891
0 0.582047 0.286234 0.013438 0.009719
0 0.582437 0.295148 0.013438 0.008766
0 0.603820 0.267906 0.022953 0.013031
0 0.603563 0.281461 0.022969 0.013047
0 0.602773 0.294508 0.022953 0.013047
0 0.602258 0.307289 0.022953 0.013047
0 0.601477 0.320328 0.022953 0.013031
0 0.622719 0.277273 0.006281 0.013609
0 0.622273 0.290578 0.006297 0.013625
0 0.622047 0.304555 0.006281 0.013609
0 0.622047 0.317852 0.006281 0.013609
0 0.621820 0.332055 0.006297 0.013609
0 0.628562 0.280523 0.005938 0.015359
0 0.628391 0.295359 0.006281 0.013625
0 0.628586 0.308594 0.006297 0.013125
0 0.628586 0.321461 0.006297 0.012703
0 0.628359 0.333672 0.006281 0.012344
0 0.627906 0.345961 0.006281 0.011203
0 0.644641 0.283867 0.025219 0.014484
0 0.644391 0.296266 0.023844 0.011219
0 0.644156 0.307031 0.023375 0.011250
0 0.643703 0.317797 0.023375 0.010344
0 0.643945 0.328531 0.024766 0.011250
0 0.643234 0.339750 0.023375 0.011250
0 0.642766 0.351906 0.023375 0.011250
0 0.711398 0.280273 0.018922 0.015203
0 0.710242 0.309094 0.033391 0.010438
0 0.707383 0.319391 0.040172 0.010688
0 0.708156 0.329172 0.039125 0.008344
0 0.676344 0.328602 0.022694 0.014235
0 0.673891 0.338820 0.022585 0.013715
0 0.672469 0.348805 0.022585 0.013715
0 0.671156 0.358719 0.022582 0.013700
0 0.670906 0.368109 0.022582 0.013700
0 0.672656 0.378336 0.014879 0.012092
0 0.698898 0.339391 0.026446 0.015294
0 0.696531 0.351594 0.026999 0.014620
0 0.696289 0.364141 0.028102 0.014743
0 0.695797 0.376344 0.028366 0.014773
0 0.695047 0.389023 0.027085 0.015381
0 0.732422 0.296547 0.008375 0.014312
0 0.731859 0.314531 0.008094 0.016063
0 0.731250 0.330406 0.008094 0.016063
0 0.730570 0.346172 0.008109 0.014219
0 0.730117 0.361734 0.008109 0.016063
0 0.728320 0.392969 0.002703 0.046219
0 0.716484 0.403227 0.021595 0.019808
0 0.751648 0.323422 0.027953 0.011531
0 0.753031 0.337258 0.027937 0.013891
0 0.752031 0.352070 0.030000 0.015703
0 0.751625 0.369352 0.027937 0.016766
0 0.742852 0.401070 0.017203 0.046016
0 0.754891 0.403430 0.006875 0.050766
0 0.760703 0.405367 0.007313 0.046016
0 0.744117 0.294805 0.009422 0.008734
0 0.792023 0.277852 0.072743 0.036170
0 0.790320 0.287070 0.072103 0.034475
0 0.788266 0.294648 0.072748 0.032238
0 0.787094 0.300469 0.071000 0.031590
0 0.785953 0.308477 0.071801 0.033709
0 0.864914 0.267766 0.061059 0.035369
0 0.859719 0.278539 0.057747 0.033885
0 0.856375 0.288477 0.053959 0.032175
0 0.853844 0.298344 0.052016 0.031286
0 0.851727 0.310422 0.051005 0.030830
0 0.852758 0.324336 0.053803 0.032104
0 0.851672 0.338688 0.057934 0.035704
0 0.932461 0.289148 0.070715 0.033190
0 0.928578 0.299992 0.065796 0.030954
0 0.917047 0.306617 0.070284 0.032361
0 0.913625 0.315172 0.070024 0.032115
0 0.912461 0.324562 0.074301 0.033563
0 0.911414 0.336133 0.076763 0.034409
0 0.911250 0.346938 0.072392 0.032916
0 0.908203 0.364289 0.071576 0.030504
0 0.906898 0.372055 0.067345 0.030356
0 0.958172 0.316312 0.013969 0.011187
0 0.957812 0.327313 0.014688 0.010125
0 0.957523 0.336945 0.014484 0.009359
0 0.957062 0.345242 0.014187 0.008453
0 0.956469 0.353727 0.014187 0.009734
0 0.956156 0.363500 0.014188 0.009969
0 0.952391 0.373461 0.007250 0.007547
0 0.952367 0.381156 0.009109 0.007250
0 0.978266 0.395172 0.043469 0.053313
0 0.783703 0.461305 0.027062 0.024172
0 0.840328 0.439570 0.074105 0.050191
0 0.814117 0.457203 0.034515 0.031231
0 0.811703 0.475984 0.034527 0.031240
0 0.847555 0.476625 0.034541 0.034173
0 0.844187 0.496758 0.032503 0.030989
0 0.903719 0.461867 0.064539 0.066308
0 0.918453 0.502500 0.069406 0.026250
0 0.917320 0.526859 0.069422 0.026250
0 0.898156 0.554758 0.036000 0.026234
0 0.952594 0.580937 0.072063 0.063625
0 0.600117 0.393023 0.006828 0.021422
0 0.606953 0.394055 0.005438 0.022797
0 0.619023 0.410570 0.009109 0.025516
0 0.624984 0.370875 0.006125 0.013875
0 0.624313 0.384344 0.006125 0.013875
0 0.625375 0.399141 0.006125 0.013875
0 0.631453 0.371750 0.006125 0.013875
0 0.631109 0.386047 0.006125 0.013875
0 0.632062 0.401500 0.006125 0.013875
0 0.638266 0.372813 0.006125 0.013125
0 0.637922 0.386383 0.006125 0.013891
0 0.638766 0.401500 0.006125 0.013875
0 0.665539 0.434086 0.018984 0.010047
0 0.666594 0.448328 0.015813 0.015281
0 0.689922 0.419508 0.023937 0.011266
0 0.689922 0.430070 0.025812 0.011734
0 0.689797 0.443273 0.024063 0.014703
0 0.690586 0.456539 0.030859 0.013078
0 0.718602 0.456984 0.021734 0.064625
0 0.699773 0.498445 0.046922 0.066172
0 0.736047 0.504773 0.017695 0.041583
0 0.735812 0.550109 0.021719 0.047250
0 0.761609 0.537078 0.021577 0.045704
0 0.758398 0.570344 0.027545 0.023857
0 0.783594 0.559578 0.021719 0.041344
0 0.780609 0.603047 0.024438 0.044531
0 0.810477 0.614492 0.034203 0.059797
0 0.795844 0.654758 0.038266 0.029716
0 0.851172 0.635484 0.042344 0.033094
0 0.841289 0.665039 0.037210 0.031331
0 0.835945 0.687203 0.046191 0.041892
0 0.898508 0.624758 0.008266 0.013641
0 0.897062 0.638195 0.009500 0.013234
0 0.863953 0.672000 0.014469 0.022969
0 0.874719 0.668375 0.006187 0.019781
0 0.883414 0.664875 0.011484 0.022969
0 0.893406 0.665531 0.008062 0.021094
0 0.861445 0.693094 0.006141 0.017625
0 0.869281 0.691273 0.009375 0.014766
0 0.879055 0.686984 0.009766 0.018156
0 0.888078 0.687438 0.008219 0.021437
0 0.869508 0.711016 0.008766 0.022781
0 0.879852 0.713469 0.010516 0.024875
0 0.868281 0.733453 0.009813 0.020687
0 0.878266 0.739055 0.010156 0.024891
0 0.913742 0.752289 0.078653 0.156880
0 0.971883 0.815891 0.055016 0.144688
0 0.935539 0.945422 0.061078 0.109156
0 0.888531 0.934719 0.030438 0.049625
0 0.902914 0.875758 0.052645 0.041704
0 0.758289 0.648742 0.024141 0.029234
0 0.722703 0.643023 0.019062 0.040672
0 0.698594 0.620156 0.021563 0.061000
0 0.686187 0.588031 0.013313 0.034875
0 0.674117 0.580852 0.012734 0.045641
0 0.659047 0.557898 0.017969 0.041766
0 0.639414 0.519086 0.014328 0.056203
0 0.626594 0.497312 0.010906 0.027750
0 0.615586 0.488383 0.010609 0.026547
0 0.603977 0.462828 0.012609 0.021906
0 0.012047 0.402906 0.021219 0.046313
0 0.034711 0.343438 0.011172 0.038062
0 0.035766 0.381156 0.011875 0.039469
0 0.046594 0.340469 0.011875 0.039469
0 0.048344 0.379930 0.011875 0.039453
0 0.059164 0.339773 0.011859 0.039453
0 0.061953 0.378531 0.011875 0.039469
0 0.076953 0.379930 0.019531 0.039453
0 0.055781 0.299133 0.012438 0.039484
0 0.115281 0.306937 0.010875 0.025438
0 0.114367 0.333500 0.011234 0.030312
0 0.131133 0.280773 0.015078 0.029984
0 0.128977 0.306703 0.014391 0.023156
0 0.128664 0.333305 0.015016 0.027547
0 0.142742 0.305766 0.010641 0.023781
0 0.142430 0.331734 0.012516 0.024406
0 0.152734 0.306156 0.007125 0.025125
0 0.152547 0.330883 0.007500 0.024328
0 0.161797 0.284562 0.011406 0.021000
0 0.162570 0.306398 0.011453 0.023109
0 0.174055 0.285594 0.012172 0.020250
0 0.173992 0.306680 0.011453 0.023109
0 0.190992 0.259047 0.008891 0.017781
0 0.189914 0.277984 0.008891 0.017781
0 0.190445 0.295289 0.008891 0.017766
0 0.200727 0.257969 0.008891 0.017781
0 0.199102 0.276898 0.008891 0.017766
0 0.199648 0.295289 0.008891 0.017766
0 0.209273 0.276297 0.008891 0.017781
0 0.209383 0.294203 0.008891 0.017781
0 0.219148 0.276398 0.008891 0.017766
0 0.218742 0.293766 0.008891 0.017781
0 0.009094 0.651359 0.017656 0.117469
0 0.018305 0.647523 0.009984 0.042234
0 0.021773 0.550805 0.032002 0.042319
0 0.026367 0.588820 0.016891 0.041391
0 0.045570 0.591867 0.015359 0.035297
0 0.064789 0.588781 0.021453 0.056813
0 0.029078 0.512375 0.013875 0.039656
0 0.041711 0.526266 0.012391 0.068406
0 0.054852 0.525766 0.013891 0.069406
0 0.066500 0.541133 0.011406 0.042641
0 0.080844 0.572602 0.010906 0.033266
0 0.082367 0.521797 0.016359 0.067406
0 0.099773 0.570836 0.020078 0.031047
0 0.101766 0.538031 0.025406 0.032937
0 0.097711 0.498836 0.010828 0.045391
0 0.107484 0.493633 0.008656 0.050297
0 0.126180 0.511477 0.014547 0.030828
0 0.133328 0.470219 0.012938 0.055750
0 0.068359 0.461070 0.008156 0.023484
0 0.075484 0.460648 0.006594 0.028078
0 0.102422 0.442891 0.015750 0.038281
0 0.137773 0.414555 0.009734 0.047609
0 0.146977 0.438086 0.011891 0.051391
0 0.156164 0.436461 0.009734 0.048141
0 0.157250 0.394539 0.010812 0.038953
0 0.164828 0.448906 0.010813 0.024344
0 0.181367 0.418906 0.013328 0.015750
0 0.176523 0.382141 0.009297 0.050500
0 0.194805 0.411969 0.013047 0.021281
0 0.194055 0.390867 0.012516 0.021922
0 0.220008 0.375906 0.005328 0.026188
0 0.214258 0.347164 0.017766 0.020109
0 0.012664 0.964172 0.019016 0.065094
0 0.021578 0.868594 0.041625 0.045187
0 0.020391 0.818633 0.036875 0.052328
0 0.041781 0.814742 0.035804 0.080083
0 0.061625 0.794633 0.035894 0.080701
0 0.020281 0.776016 0.024955 0.030479
0 0.040641 0.753023 0.018676 0.027604
0 0.066453 0.727508 0.025812 0.048766
0 0.089063 0.748164 0.024063 0.044141
0 0.074047 0.678250 0.017125 0.014562
0 0.086812 0.702273 0.022467 0.043728
0 0.118313 0.663898 0.016000 0.069672
0 0.136445 0.641305 0.016016 0.057609
0 0.137055 0.576469 0.026096 0.029546
0 0.146367 0.585539 0.010703 0.017984
0 0.158789 0.532633 0.014984 0.015859
0 0.168859 0.564758 0.016281 0.046703
0 0.179781 0.536703 0.009844 0.040281
0 0.194773 0.511203 0.009859 0.023562
0 0.205695 0.497258 0.009422 0.048891
0 0.221945 0.477187 0.025703 0.068125
0 0.239508 0.451922 0.013703 0.072406