0 0.743594 0.513836 0.019844 0.017203
0 0.743922 0.491172 0.019187 0.028781
0 0.708305 0.553555 0.029641 0.016797
0 0.705672 0.534938 0.035875 0.016844
0 0.707211 0.517211 0.035891 0.016828
0 0.707867 0.491312 0.037203 0.032375
0 0.845391 0.513969 0.015187 0.024437
0 0.845031 0.491508 0.017250 0.029734
0 0.844727 0.471367 0.010641 0.009297
0 0.843398 0.459406 0.012391 0.011969
0 0.842070 0.448555 0.010641 0.009734
0 0.822258 0.468109 0.031516 0.034375
0 0.826063 0.448000 0.020875 0.011437
0 0.825195 0.435422 0.018016 0.010844
0 0.788875 0.464367 0.026750 0.010172
0 0.796359 0.450188 0.035313 0.017125
0 0.797430 0.433070 0.035297 0.019266
0 0.796359 0.414352 0.032094 0.020328
0 0.755437 0.464898 0.036906 0.019797
0 0.757039 0.446984 0.039047 0.017125
0 0.758641 0.430133 0.040125 0.015516
0 0.756789 0.413016 0.041703 0.017656
0 0.758648 0.392687 0.040109 0.017656
0 0.747414 0.372352 0.040109 0.024078
0 0.657477 0.419859 0.025984 0.021031
0 0.655312 0.399430 0.031562 0.017328
0 0.662055 0.378742 0.014422 0.027734
0 0.913687 0.351469 0.065188 0.222625
0 0.862859 0.370273 0.030719 0.099703
0 0.865750 0.270086 0.030687 0.102578
0 0.868141 0.171344 0.029719 0.098750
0 0.864312 0.093688 0.027812 0.056563
0 0.830281 0.346305 0.026844 0.093953
0 0.793844 0.347742 0.021094 0.046984
0 0.791930 0.286867 0.024922 0.069016
0 0.770352 0.333844 0.027797 0.038344
0 0.767477 0.275844 0.027797 0.077656
0 0.723141 0.314578 0.023625 0.042250
0 0.723477 0.264078 0.020078 0.061594
0 0.703117 0.303469 0.014984 0.028656
0 0.703797 0.259430 0.016469 0.058016
0 0.683750 0.290937 0.013594 0.033656
0 0.681961 0.254414 0.014328 0.039391
0 0.656344 0.283328 0.024500 0.018031
0 0.655656 0.264594 0.023125 0.018500
0 0.622500 0.270555 0.020875 0.008547
0 0.621977 0.257719 0.020828 0.012844
0 0.626508 0.241930 0.029953 0.011234
0 0.627047 0.229359 0.028875 0.009625
0 0.613406 0.214656 0.020875 0.009094
0 0.765609 0.022883 0.040813 0.042266
0 0.724852 0.047492 0.029359 0.023422
0 0.723812 0.017930 0.026125 0.035859
0 0.667992 0.111555 0.023266 0.015703
0 0.668570 0.094977 0.029078 0.018609
0 0.666531 0.075492 0.028500 0.018047
0 0.661297 0.055422 0.032000 0.020938
0 0.636805 0.152789 0.013891 0.068703
0 0.620727 0.165414 0.011297 0.049547
0 0.606391 0.168016 0.014781 0.051281
0 0.590094 0.178672 0.019563 0.040406
0 0.634656 0.057164 0.011688 0.032141
0 0.622977 0.075141 0.016648 0.027364
0 0.612898 0.090844 0.022569 0.025837
0 0.654641 0.576391 0.010844 0.033094
0 0.654672 0.607023 0.014094 0.033141
0 0.680758 0.577187 0.040109 0.026219
0 0.654672 0.538258 0.015750 0.038109
0 0.692375 0.680523 0.027875 0.065891
0 0.726367 0.659336 0.021672 0.021672
0 0.726688 0.688422 0.035875 0.031562
0 0.729625 0.774289 0.026875 0.060766
0 0.786945 0.836313 0.010547 0.059437
0 0.776875 0.840172 0.009594 0.059406
0 0.765406 0.836266 0.009594 0.059406
0 0.753906 0.839141 0.009594 0.059406
0 0.743391 0.836664 0.009594 0.050109
0 0.732664 0.837727 0.010016 0.063016
0 0.720492 0.844164 0.011453 0.055859
0 0.674680 0.835922 0.043953 0.055094
0 0.665094 0.875539 0.022281 0.020422
0 0.701078 0.912344 0.037469 0.054000
0 0.716086 0.968805 0.033359 0.061609
0 0.440609 0.233742 0.010031 0.019891
0 0.407367 0.233539 0.045484 0.018859
0 0.458094 0.286578 0.018219 0.047938
0 0.412492 0.280664 0.049672 0.070391
0 0.446852 0.357625 0.024016 0.087250
0 0.407500 0.351484 0.044750 0.071250
0 0.407500 0.419430 0.043094 0.069609
0 0.401273 0.496438 0.026609 0.067656
0 0.502133 0.583883 0.037234 0.118078
0 0.403484 0.574641 0.024406 0.077656
0 0.407922 0.642859 0.031062 0.061000
0 0.242914 0.212961 0.056269 0.055993
0 0.360648 0.240195 0.014109 0.045391
0 0.297664 0.249867 0.116730 0.062761
0 0.231750 0.271766 0.015750 0.049719
0 0.360570 0.291656 0.014109 0.045375
0 0.297602 0.303258 0.116730 0.062761
0 0.232164 0.320242 0.016578 0.045578
0 0.367203 0.340539 0.014094 0.045391
0 0.300086 0.354625 0.116732 0.062776
0 0.232961 0.365398 0.016578 0.045578
0 0.369688 0.387773 0.014094 0.045391
0 0.302125 0.406836 0.124121 0.067802
0 0.232961 0.410148 0.016578 0.045578
0 0.232961 0.458203 0.016578 0.045562
0 0.301727 0.452813 0.121538 0.056506
0 0.283898 0.524391 0.096516 0.086531
0 0.344852 0.500055 0.023203 0.052203
0 0.363914 0.488867 0.011609 0.034797
0 0.027977 0.922695 0.049016 0.144047
0 0.083664 0.763062 0.089109 0.098000
0 0.179445 0.726680 0.054953 0.090578
0 0.290914 0.703359 0.078703 0.095469
0 0.190211 0.888266 0.077609 0.117250
0 0.183789 0.968211 0.096078 0.063578
0 0.282789 0.897437 0.057672 0.198562
0 0.328281 0.825344 0.084375 0.167500
0 0.379961 0.908727 0.036609 0.082141
0 0.362211 0.979891 0.043266 0.040219
0 0.430148 0.904117 0.024359 0.039797
0 0.466711 0.899625 0.028234 0.059031
0 0.477328 0.722422 0.033344 0.115688
0 0.591047 0.816547 0.084312 0.076469
0 0.661063 0.654359 0.034687 0.059656
0 0.594016 0.920469 0.105844 0.139219
0 0.564820 0.513414 0.043953 0.062984
0 0.754937 0.730805 0.038563 0.072766
0 0.684773 0.608219 0.047078 0.032625
0 0.990938 0.920602 0.018125 0.087859
0 0.992266 0.848977 0.009687 0.046797
0 0.939273 0.910875 0.092229 0.165793
0 0.893672 0.898031 0.037969 0.112438
0 0.903023 0.826875 0.038766 0.030250
0 0.856500 0.857117 0.049625 0.098484
0 0.954734 0.767180 0.061969 0.114828
0 0.894203 0.767172 0.043094 0.089719
0 0.855969 0.750422 0.027875 0.100812
0 0.916227 0.679523 0.032672 0.054453
0 0.939289 0.685609 0.010891 0.014094
0 0.940570 0.665430 0.012172 0.021141
0 0.940109 0.642172 0.019625 0.020094
0 0.943609 0.623180 0.021992 0.022868
0 0.947008 0.602289 0.023942 0.025217
0 0.951555 0.582430 0.024852 0.024705
0 0.956344 0.557391 0.027118 0.033395
0 0.921594 0.640531 0.012844 0.014438
0 0.922133 0.622102 0.016047 0.020391
0 0.924250 0.599875 0.016781 0.021281
0 0.928508 0.580453 0.025683 0.026970
0 0.931828 0.558734 0.025822 0.025308
0 0.937742 0.537992 0.030345 0.027807
0 0.901703 0.627234 0.020906 0.020875
0 0.905156 0.606180 0.018312 0.022953
0 0.906961 0.580953 0.018891 0.025594
0 0.910297 0.557680 0.022682 0.025079
0 0.914766 0.535875 0.023402 0.025221
0 0.921211 0.516547 0.019250 0.020438
0 0.890602 0.659344 0.027547 0.034594
0 0.880016 0.629336 0.015156 0.018953
0 0.881906 0.607680 0.016781 0.021109
0 0.884062 0.584820 0.026641 0.025797
0 0.887914 0.562414 0.027515 0.026349
0 0.866023 0.651070 0.017391 0.016172
0 0.865219 0.632672 0.011719 0.020625
0 0.866227 0.608203 0.012141 0.021031
0 0.866055 0.586336 0.010391 0.019578
0 0.867586 0.563398 0.011016 0.023234
0 0.881188 0.532352 0.045026 0.039866
0 0.888836 0.511180 0.048495 0.040168
0 0.903586 0.498805 0.019078 0.018266
0 0.815250 0.777187 0.028688 0.058125
0 0.828602 0.719398 0.010953 0.059078
0 0.809648 0.720625 0.017734 0.039062
0 0.814461 0.681828 0.016609 0.035094
0 0.816320 0.636156 0.042953 0.044250
0 0.782414 0.705484 0.017359 0.020562
0 0.782977 0.681727 0.021141 0.021797
0 0.782977 0.658281 0.021141 0.026406
0 0.783297 0.630211 0.023156 0.027078
0 0.766383 0.631727 0.010703 0.025984
0 0.766508 0.603508 0.012391 0.025172
0 0.755047 0.622391 0.010844 0.019969
0 0.753648 0.599273 0.011359 0.025109
0 0.755898 0.572750 0.013203 0.029719
0 0.792563 0.597516 0.033688 0.033031
0 0.826562 0.586656 0.034375 0.024500
0 0.829211 0.559867 0.035672 0.038297
0 0.821523 0.517773 0.026359 0.040547
0 0.790906 0.554914 0.029063 0.016516
0 0.791820 0.534242 0.030984 0.023109
0 0.791820 0.512742 0.030984 0.019891
0 0.790742 0.487453 0.031516 0.031500
0 0.767789 0.545008 0.011891 0.023109
0 0.764773 0.516211 0.016641 0.030516
0 0.741883 0.531508 0.017109 0.021734