0 0.635023 0.463828 0.041185 0.023920
0 0.601219 0.422508 0.010281 0.055172
0 0.543156 0.378508 0.012562 0.029328
0 0.382477 0.786797 0.104703 0.141531
0 0.255492 0.900703 0.201609 0.194844
0 0.637000 0.870422 0.070688 0.258250
0 0.533320 0.527453 0.036984 0.065719
0 0.554406 0.527578 0.007750 0.030281
0 0.565328 0.539555 0.013281 0.012578
0 0.565000 0.523680 0.013625 0.017328
0 0.581742 0.543047 0.017453 0.019562
0 0.582789 0.582195 0.012578 0.025828
0 0.593438 0.578180 0.018500 0.045734
0 0.647742 0.668766 0.057266 0.048188
0 0.658500 0.704414 0.042938 0.062578
0 0.686258 0.704445 0.023047 0.050641
0 0.682766 0.759164 0.029687 0.068797
0 0.721945 0.814281 0.036859 0.043563
0 0.758398 0.854070 0.051109 0.054453
0 0.828508 0.962164 0.043578 0.069797
0 0.542141 0.447953 0.011312 0.027469
0 0.554836 0.466406 0.013984 0.033469
0 0.562336 0.439469 0.024234 0.022625
0 0.569242 0.474453 0.013984 0.037688
0 0.571359 0.494781 0.009750 0.019062
0 0.582930 0.500484 0.010234 0.020344
0 0.598859 0.522430 0.013906 0.028547
0 0.626602 0.494812 0.013516 0.024938
0 0.610133 0.525000 0.008891 0.012937
0 0.609531 0.543180 0.006062 0.025859
0 0.623266 0.535703 0.021406 0.040000
0 0.627508 0.547227 0.012922 0.021016
0 0.627508 0.565406 0.014547 0.017781
0 0.633164 0.551875 0.008078 0.017375
0 0.632961 0.569648 0.010109 0.018172
0 0.652555 0.556898 0.020203 0.087234
0 0.674781 0.576313 0.032313 0.096969
0 0.688719 0.592680 0.026250 0.082828
0 0.694086 0.629203 0.026297 0.100125
0 0.730063 0.663312 0.058250 0.090750
0 0.762000 0.629820 0.040687 0.055078
0 0.790484 0.669562 0.028781 0.051938
0 0.763250 0.710555 0.063219 0.088859
0 0.787352 0.765320 0.037547 0.105766
0 0.818625 0.805992 0.031313 0.100766
0 0.844922 0.826336 0.022531 0.091359
0 0.916250 0.924914 0.050625 0.113672
0 0.356422 0.419648 0.020813 0.035297
0 0.332094 0.435250 0.028594 0.030094
0 0.459023 0.392555 0.046984 0.036203
0 0.464258 0.415266 0.051047 0.009625
0 0.467156 0.424898 0.054250 0.009641
0 0.471031 0.437109 0.056187 0.016906
0 0.469289 0.476398 0.062672 0.079578
0 0.387789 0.457844 0.073203 0.058125
0 0.391945 0.516117 0.081984 0.057578
0 0.322477 0.490766 0.055703 0.078219
0 0.315281 0.559297 0.066344 0.065094
0 0.395391 0.587461 0.091375 0.083859
0 0.314047 0.607031 0.054344 0.031125
0 0.307906 0.639977 0.063128 0.048396
0 0.299570 0.679437 0.070890 0.063079
0 0.421695 0.684156 0.017016 0.045375
0 0.406227 0.942352 0.107609 0.115297
0 0.484258 0.579008 0.051328 0.081984
0 0.515734 0.695641 0.171781 0.197219
0 0.525430 0.833062 0.156078 0.106906
0 0.533609 0.927633 0.148281 0.089641
0 0.549258 0.968008 0.134984 0.063984
0 0.424234 0.643617 0.037656 0.032578
0 0.363328 0.696641 0.024375 0.048594
0 0.399813 0.687852 0.033500 0.051109
0 0.289414 0.727672 0.069797 0.062031
0 0.282141 0.793102 0.092094 0.086266
0 0.271695 0.415141 0.004734 0.032719
0 0.265430 0.423406 0.006641 0.027937
0 0.256523 0.431617 0.011172 0.039453
0 0.243148 0.430453 0.015141 0.022719
0 0.241375 0.463937 0.028063 0.047219
0 0.216828 0.492688 0.009813 0.035531
0 0.202805 0.479836 0.019172 0.044422
0 0.194586 0.520961 0.015828 0.048172
0 0.179898 0.533828 0.014484 0.056094
0 0.155586 0.559305 0.039734 0.028516
0 0.108266 0.573687 0.048187 0.070719
0 0.075203 0.604305 0.017844 0.056797
0 0.258875 0.664352 0.033812 0.019328
0 0.266648 0.591531 0.031422 0.065219
0 0.293773 0.420289 0.022172 0.032453
0 0.237898 0.525164 0.021016 0.057766
0 0.220289 0.538227 0.015016 0.017109
0 0.219758 0.554297 0.012578 0.014312
0 0.219234 0.569133 0.012219 0.013266
0 0.202297 0.561281 0.021656 0.015719
0 0.192172 0.570531 0.017469 0.011875
0 0.193219 0.598820 0.023062 0.045391
0 0.179422 0.590789 0.011531 0.018859
0 0.221180 0.633664 0.011359 0.018391
0 0.173836 0.625359 0.035266 0.013969
0 0.170523 0.656258 0.016766 0.013609
0 0.154805 0.652945 0.015359 0.014672
0 0.158016 0.669773 0.021812 0.019391
0 0.151758 0.692805 0.007672 0.013734
0 0.147102 0.722875 0.008891 0.041656
0 0.159203 0.752219 0.048219 0.067250
0 0.023875 0.901742 0.046250 0.195984
0 0.070438 0.931828 0.026500 0.032406
0 0.097766 0.876625 0.036000 0.091125
0 0.068648 0.838227 0.006516 0.013328
0 0.069234 0.850820 0.011462 0.010983
0 0.056305 0.871617 0.014016 0.016359
0 0.056062 0.857062 0.014344 0.012844
0 0.057375 0.841859 0.014125 0.016844
0 0.061234 0.829297 0.013020 0.008682
0 0.071516 0.814250 0.029803 0.020878
0 0.083898 0.794945 0.019071 0.014455
0 0.041102 0.820305 0.019482 0.020366
0 0.050969 0.806992 0.018501 0.019171
0 0.064914 0.792703 0.025406 0.025412
0 0.073281 0.777906 0.024243 0.023252
0 0.064727 0.765078 0.007828 0.009906
0 0.031289 0.796305 0.034570 0.029990
0 0.011813 0.788023 0.019066 0.024368
0 0.030563 0.773570 0.032293 0.024741
0 0.040469 0.763508 0.038834 0.031541
0 0.050047 0.752430 0.030792 0.023516
0 0.048281 0.738156 0.032797 0.021743
0 0.055078 0.724000 0.023204 0.021270
0 0.042102 0.605719 0.015527 0.010008
0 0.041406 0.598031 0.015512 0.010004
0 0.040008 0.590703 0.015527 0.010008
0 0.040359 0.583719 0.015512 0.010004
0 0.040359 0.576039 0.015516 0.010019
0 0.040008 0.568359 0.015527 0.010008
0 0.040008 0.561375 0.015527 0.010008
0 0.040359 0.554391 0.015512 0.010004
0 0.039312 0.547750 0.015512 0.010004
0 0.040008 0.541117 0.015531 0.010023
0 0.039672 0.534805 0.015516 0.010019
0 0.037844 0.528023 0.015516 0.010019
0 0.036383 0.521375 0.015527 0.010008
0 0.039289 0.509352 0.030369 0.024308
0 0.127023 0.468438 0.028234 0.126719
0 0.150945 0.440195 0.020953 0.102109
0 0.163953 0.432594 0.009406 0.076750
0 0.182055 0.420641 0.026797 0.084719
0 0.200328 0.407617 0.008406 0.061703
0 0.208039 0.410648 0.007016 0.041609
0 0.218797 0.391250 0.015437 0.056094
0 0.227914 0.352445 0.019641 0.015891
0 0.233523 0.380500 0.014016 0.049562
0 0.247078 0.372312 0.010281 0.047219
0 0.257594 0.363203 0.011687 0.038344
0 0.274898 0.355328 0.011891 0.035156
0 0.289586 0.363875 0.019547 0.047063
0 0.305430 0.357867 0.013141 0.020734
0 0.275109 0.296312 0.010531 0.033969
0 0.261930 0.299242 0.013484 0.037484
0 0.244937 0.296016 0.018156 0.060312
0 0.229125 0.303336 0.015812 0.052703
0 0.218297 0.316812 0.009375 0.033969
0 0.207461 0.311539 0.012297 0.056234
0 0.197805 0.325891 0.008203 0.038063
0 0.186078 0.328813 0.014063 0.036906
0 0.186078 0.293961 0.009375 0.035141
0 0.176094 0.317062 0.008125 0.069625
0 0.164422 0.345914 0.009469 0.031859
0 0.160477 0.308266 0.011578 0.042000
0 0.154320 0.347727 0.010859 0.035484
0 0.143461 0.353523 0.010859 0.039828
0 0.147078 0.309711 0.016656 0.043453
0 0.128617 0.358953 0.015922 0.044906
0 0.128977 0.313695 0.016641 0.048516
0 0.115078 0.336000 0.007969 0.037656
0 0.114852 0.370172 0.010141 0.034031
0 0.080680 0.432234 0.012297 0.020281
0 0.066328 0.406492 0.012969 0.119547
0 0.048484 0.415148 0.022719 0.124953
0 0.020086 0.437602 0.034078 0.137391
0 0.248750 0.245617 0.018812 0.022734
0 0.228758 0.242867 0.013328 0.020391
0 0.206797 0.242867 0.016469 0.014109
0 0.145547 0.228609 0.011781 0.024250
0 0.145133 0.210586 0.013828 0.011109
0 0.132648 0.229539 0.014109 0.025078
0 0.131172 0.211945 0.013563 0.011109
0 0.117031 0.234250 0.017250 0.026656
0 0.116633 0.207977 0.016453 0.029016
0 0.094867 0.235766 0.010672 0.024156
0 0.032203 0.223117 0.037094 0.058453
0 0.963289 0.209344 0.073422 0.093062
0 0.952705 0.283953 0.094590 0.077622
0 0.961352 0.367844 0.077297 0.094031
0 0.950739 0.444437 0.098522 0.093764
0 0.946945 0.513734 0.067859 0.095000
0 0.895367 0.471617 0.039422 0.101391
0 0.859695 0.455969 0.031922 0.080094
0 0.872203 0.359906 0.092000 0.119531
0 0.822141 0.435945 0.031906 0.078859
0 0.813070 0.343953 0.036297 0.095125
0 0.790539 0.415914 0.031297 0.076359
0 0.767383 0.332680 0.052578 0.086359
0 0.758305 0.405281 0.041922 0.065094
0 0.747234 0.250203 0.073844 0.069469
0 0.734523 0.335805 0.013141 0.061328
0 0.730773 0.394008 0.011891 0.056328
0 0.712500 0.387563 0.026906 0.050062
0 0.701547 0.327484 0.027531 0.063844
0 0.684023 0.347828 0.026297 0.112031
0 0.663148 0.335422 0.016766 0.108719
0 0.631234 0.345156 0.026500 0.055719
0 0.612039 0.296203 0.063828 0.040031
0 0.596875 0.339500 0.040000 0.044313
0 0.566328 0.308922 0.024344 0.069781
0 0.542523 0.303508 0.025422 0.062203
0 0.961625 0.774656 0.015219 0.034031
0 0.958008 0.754742 0.019547 0.044891
0 0.969227 0.700445 0.018828 0.056484
0 0.949641 0.645406 0.049156 0.079656
0 0.917117 0.698992 0.078266 0.128891
0 0.883781 0.585664 0.024625 0.031141
0 0.852648 0.647586 0.065172 0.117328
0 0.806375 0.619500 0.023156 0.066969
0 0.783844 0.590398 0.021906 0.068828
0 0.756305 0.564742 0.040672 0.061328
0 0.738156 0.518742 0.033156 0.086984
0 0.707766 0.531172 0.015688 0.043281
0 0.708586 0.503859 0.018391 0.018937
0 0.685867 0.504992 0.032453 0.051391
0 0.703719 0.466859 0.024875 0.033531
0 0.656930 0.485250 0.026516 0.028125
0 0.673969 0.463609 0.038938 0.022719
0 0.681266 0.443078 0.037312 0.020531
0 0.662609 0.423258 0.043281 0.028672
0 0.634484 0.445406 0.040399 0.027712